1,0,2,1,-39
1,4,2,1,-39
1,5,2,1,-39
1,7,2,1,-37
1,9,2,1,-37
1,11,2,1,-38
1,13,2,1,-38
1,14,2,1,-37
1,16,2,1,-37
1,17,2,1,-37
1,18,2,1,-38
1,20,2,1,-37
1,22,2,1,-37
1,24,2,1,-37
1,26,2,1,-39
1,28,2,1,-37
1,29,2,1,-36
1,31,2,1,-35
1,35,2,1,-39
1,37,2,1,-39
1,39,2,1,-37
1,41,2,1,-37
1,44,2,1,-37
1,46,2,1,-37
1,47,2,1,-38
1,48,2,1,-37
1,50,2,1,-39
1,52,2,1,-37
1,55,2,1,-37
1,58,2,1,-37
1,59,2,1,-38
1,61,2,1,-40
1,63,2,1,-37
1,66,2,1,-38
1,68,2,1,-38
1,70,2,1,-38
1,0,1,2,-39
1,72,2,1,-36
1,73,2,1,-37
1,75,2,1,-39
1,76,2,1,-38
1,77,2,1,-37
1,79,2,1,-38
1,80,2,1,-37
1,82,2,1,-37
1,84,2,1,-37
1,87,2,1,-37
1,89,2,1,-37
1,91,2,1,-37
1,93,2,1,-38
1,95,2,1,-43
1,97,2,1,-45
1,98,2,1,-44
1,100,2,1,-43
1,102,2,1,-39
1,104,2,1,-39
1,106,2,1,-41
1,107,2,1,-39
1,108,2,1,-39
1,110,2,1,-39
1,111,2,1,-38
1,112,2,1,-37
1,115,2,1,-39
1,116,2,1,-41
1,1,1,2,-43
1,118,2,1,-39
1,119,2,1,-41
1,121,2,1,-43
1,123,2,1,-39
1,124,2,1,-39
1,127,2,1,-41
1,129,2,1,-46
1,130,2,1,-52
1,131,2,1,-54
1,132,2,1,-55
1,136,2,1,-57
1,138,2,1,-54
1,140,2,1,-53
1,143,2,1,-45
1,144,2,1,-43
1,146,2,1,-41
1,147,2,1,-41
1,149,2,1,-42
1,151,2,1,-44
1,152,2,1,-46
1,154,2,1,-48
1,155,2,1,-46
1,158,2,1,-43
1,160,2,1,-42
1,162,2,1,-43
1,163,2,1,-44
1,164,2,1,-46
1,165,2,1,-44
1,167,2,1,-43
1,170,2,1,-44
1,172,2,1,-42
1,174,2,1,-40
1,175,2,1,-41
1,177,2,1,-40
1,179,2,1,-38
1,180,2,1,-37
1,182,2,1,-39
1,185,2,1,-42
1,187,2,1,-39
1,190,2,1,-38
1,192,2,1,-39
1,194,2,1,-41
1,196,2,1,-41
1,196,2,1,-41
1,201,2,1,-41
1,203,2,1,-40
1,203,2,1,-40
1,208,2,1,-39
1,210,2,1,-44
1,212,2,1,-43
1,217,2,1,-40
1,219,2,1,-41
1,221,2,1,-42
1,223,2,1,-42
1,225,2,1,-42
1,226,2,1,-41
1,2,1,2,-44
1,228,2,1,-40
1,231,2,1,-37
1,232,2,1,-37
1,234,2,1,-38
1,235,2,1,-38
1,236,2,1,-39
1,238,2,1,-39
1,3,1,2,-41
1,239,2,1,-39
1,241,2,1,-39
1,242,2,1,-39
1,244,2,1,-40
1,246,2,1,-39
1,247,2,1,-39
1,248,2,1,-38
1,250,2,1,-38
1,251,2,1,-39
1,4,1,2,-41
1,253,2,1,-40
1,254,2,1,-38
1,256,2,1,-38
1,257,2,1,-37
1,258,2,1,-38
1,259,2,1,-38
1,264,2,1,-37
1,266,2,1,-37
1,268,2,1,-38
1,269,2,1,-39
1,273,2,1,-40
1,275,2,1,-39
1,277,2,1,-39
1,279,2,1,-40
1,281,2,1,-41
1,282,2,1,-42
1,284,2,1,-43
1,287,2,1,-43
1,288,2,1,-43
1,290,2,1,-43
1,291,2,1,-43
1,292,2,1,-42
1,293,2,1,-41
1,295,2,1,-41
1,297,2,1,-43
1,302,2,1,-41
1,304,2,1,-41
1,305,2,1,-41
1,307,2,1,-40
1,309,2,1,-39
1,311,2,1,-40
1,313,2,1,-41
1,315,2,1,-40
1,316,2,1,-39
1,317,2,1,-39
1,318,2,1,-39
1,323,2,1,-41
1,326,2,1,-39
1,327,2,1,-39
1,329,2,1,-38
1,330,2,1,-38
1,332,2,1,-40
1,334,2,1,-39
1,336,2,1,-39
1,338,2,1,-39
1,340,2,1,-39
1,342,2,1,-39
1,344,2,1,-40
1,346,2,1,-39
1,348,2,1,-39
1,349,2,1,-40
1,350,2,1,-39
1,352,2,1,-41
1,354,2,1,-38
1,359,2,1,-36
1,362,2,1,-37
1,364,2,1,-38
1,366,2,1,-39
1,368,2,1,-39
1,369,2,1,-40
1,371,2,1,-38
1,375,2,1,-39
1,376,2,1,-39
1,377,2,1,-39
1,379,2,1,-39
1,386,2,1,-41
1,388,2,1,-41
1,389,2,1,-41
1,391,2,1,-41
1,392,2,1,-42
1,393,2,1,-42
1,395,2,1,-43
1,397,2,1,-41
1,399,2,1,-41
1,401,2,1,-41
1,402,2,1,-41
1,403,2,1,-41
1,5,1,2,-43
1,405,2,1,-43
1,407,2,1,-44
1,408,2,1,-44
1,409,2,1,-45
1,410,2,1,-45
1,414,2,1,-45
1,416,2,1,-45
1,417,2,1,-45
1,419,2,1,-44
1,424,2,1,-43
1,426,2,1,-43
1,427,2,1,-43
1,429,2,1,-44
1,430,2,1,-44
1,436,2,1,-42
1,438,2,1,-41
1,439,2,1,-41
1,441,2,1,-40
1,442,2,1,-41
1,443,2,1,-41
1,444,2,1,-41
1,446,2,1,-41
1,448,2,1,-42
1,449,2,1,-42
1,451,2,1,-43
1,454,2,1,-42
1,456,2,1,-42
1,457,2,1,-43
1,460,2,1,-43
1,461,2,1,-43
1,463,2,1,-44
1,465,2,1,-43
1,467,2,1,-43
1,468,2,1,-43
1,470,2,1,-43
1,472,2,1,-44
1,473,2,1,-44
1,476,2,1,-43
1,479,2,1,-42
1,484,2,1,-42
1,486,2,1,-42
1,488,2,1,-41
1,489,2,1,-40
1,492,2,1,-40
1,493,2,1,-40
1,494,2,1,-39
1,496,2,1,-40
1,500,2,1,-40
1,501,2,1,-40
1,503,2,1,-41
1,505,2,1,-41
1,507,2,1,-41
1,509,2,1,-39
1,510,2,1,-39
1,6,1,2,-41
1,512,2,1,-39
1,513,2,1,-39
1,515,2,1,-40
1,517,2,1,-40
1,519,2,1,-41
1,523,2,1,-40
1,524,2,1,-41
1,526,2,1,-41
1,528,2,1,-41
1,529,2,1,-42
1,531,2,1,-43
1,531,2,1,-43
1,535,2,1,-44
1,537,2,1,-44
1,537,2,1,-44
1,541,2,1,-43
1,542,2,1,-43
1,544,2,1,-41
1,546,2,1,-41
1,7,1,2,-45
1,548,2,1,-43
1,554,2,1,-45
1,555,2,1,-45
1,557,2,1,-44
1,559,2,1,-45
1,562,2,1,-42
1,564,2,1,-42
1,564,2,1,-42
1,564,2,1,-42
1,579,2,1,-40
1,580,2,1,-39
1,582,2,1,-39
1,585,2,1,-41
1,587,2,1,-40
1,590,2,1,-40
1,592,2,1,-40
1,595,2,1,-39
1,596,2,1,-39
1,600,2,1,-41
1,602,2,1,-41
1,607,2,1,-42
1,609,2,1,-43
1,610,2,1,-43
1,612,2,1,-43
1,617,2,1,-41
1,622,2,1,-41
1,624,2,1,-41
1,625,2,1,-39
1,628,2,1,-39
1,630,2,1,-39
1,632,2,1,-39
1,634,2,1,-40
1,636,2,1,-41
1,637,2,1,-39
1,8,1,2,-43
1,640,2,1,-39
1,641,2,1,-39
1,643,2,1,-40
1,644,2,1,-43
1,646,2,1,-41
1,649,2,1,-41
1,651,2,1,-40
1,653,2,1,-40
1,654,2,1,-39
1,656,2,1,-39
1,657,2,1,-39
1,662,2,1,-39
1,664,2,1,-39
1,666,2,1,-39
1,668,2,1,-39
1,671,2,1,-39
1,675,2,1,-39
1,677,2,1,-39
1,683,2,1,-39
1,684,2,1,-39
1,685,2,1,-39
1,9,1,2,-41
1,688,2,1,-39
1,690,2,1,-39
1,695,2,1,-39
1,696,2,1,-39
1,698,2,1,-40
1,700,2,1,-40
1,702,2,1,-41
1,704,2,1,-40
1,706,2,1,-40
1,708,2,1,-39
1,711,2,1,-39
1,714,2,1,-40
1,716,2,1,-41
1,717,2,1,-39
1,718,2,1,-39
1,10,1,2,-40
1,720,2,1,-40
1,723,2,1,-39
1,725,2,1,-39
1,726,2,1,-38
1,727,2,1,-39
1,730,2,1,-39
1,731,2,1,-38
1,11,1,2,-39
1,732,2,1,-38
1,733,2,1,-37
1,736,2,1,-37
1,736,2,1,-37
1,736,2,1,-37
1,736,2,1,-37
1,736,2,1,-37
1,751,2,1,-36
1,753,2,1,-37
1,755,2,1,-36
1,757,2,1,-37
1,759,2,1,-37
1,759,2,1,-37
1,770,2,1,-37
1,772,2,1,-37
1,772,2,1,-37
1,779,2,1,-37
1,781,2,1,-37
1,781,2,1,-37
1,786,2,1,-35
1,786,2,1,-35
1,791,2,1,-37
1,791,2,1,-37
1,797,2,1,-37
1,797,2,1,-37
1,801,2,1,-37
1,801,2,1,-37
1,807,2,1,-37
1,807,2,1,-37
1,807,2,1,-37
1,807,2,1,-37
1,819,2,1,-37
1,821,2,1,-37
1,823,2,1,-37
1,825,2,1,-37
1,827,2,1,-37
1,829,2,1,-37
1,829,2,1,-37
1,834,2,1,-38
1,836,2,1,-37
1,838,2,1,-37
1,840,2,1,-37
1,843,2,1,-39
1,848,2,1,-37
1,850,2,1,-38
1,852,2,1,-39
1,852,2,1,-39
1,856,2,1,-37
1,859,2,1,-37
1,861,2,1,-37
1,863,2,1,-37
1,865,2,1,-37
1,867,2,1,-37
1,869,2,1,-36
1,871,2,1,-37
1,873,2,1,-37
1,875,2,1,-37
1,877,2,1,-37
1,880,2,1,-37
1,881,2,1,-37
1,883,2,1,-37
1,885,2,1,-37
1,887,2,1,-37
1,889,2,1,-37
1,890,2,1,-37
1,892,2,1,-37
1,894,2,1,-37
1,895,2,1,-37
1,897,2,1,-37
1,899,2,1,-37
1,900,2,1,-36
1,902,2,1,-37
1,904,2,1,-37
1,906,2,1,-38
1,911,2,1,-38
1,913,2,1,-37
1,914,2,1,-37
1,12,1,2,-39
1,916,2,1,-37
1,917,2,1,-38
1,919,2,1,-39
1,15,1,2,-40
1,16,1,2,-39
1,921,2,1,-37
1,922,2,1,-38
1,18,1,2,-40
1,924,2,1,-38
1,19,1,2,-40
1,925,2,1,-38
1,926,2,1,-37
1,21,1,2,-39
1,928,2,1,-37
1,22,1,2,-39
1,929,2,1,-38
1,25,1,2,-40
1,27,1,2,-40
1,930,2,1,-37
1,931,2,1,-38
1,29,1,2,-40
1,932,2,1,-38
1,30,1,2,-40
1,933,2,1,-38
1,32,1,2,-41
1,934,2,1,-38
1,936,2,1,-37
1,33,1,2,-39
1,937,2,1,-37
1,938,2,1,-37
1,35,1,2,-39
1,939,2,1,-37
1,36,1,2,-40
1,940,2,1,-38
1,38,1,2,-40
1,941,2,1,-38
1,944,2,1,-38
1,946,2,1,-39
1,39,1,2,-41
1,948,2,1,-39
1,45,1,2,-41
1,46,1,2,-41
1,950,2,1,-39
1,951,2,1,-39
1,48,1,2,-41
1,953,2,1,-40
1,49,1,2,-41
1,954,2,1,-39
1,956,2,1,-39
1,51,1,2,-41
1,52,1,2,-41
1,958,2,1,-39
1,959,2,1,-39
1,54,1,2,-41
1,55,1,2,-41
1,961,2,1,-39
1,57,1,2,-43
1,962,2,1,-40
1,58,1,2,-43
1,964,2,1,-41
1,59,1,2,-43
1,965,2,1,-40
1,967,2,1,-39
1,61,1,2,-42
1,969,2,1,-40
1,62,1,2,-43
1,64,1,2,-42
1,970,2,1,-39
1,971,2,1,-40
1,66,1,2,-43
1,973,2,1,-41
1,975,2,1,-41
1,70,1,2,-43
1,978,2,1,-40
1,71,1,2,-43
1,979,2,1,-41
1,981,2,1,-41
1,77,1,2,-43
1,78,1,2,-43
1,983,2,1,-41
1,984,2,1,-41
1,987,2,1,-41
1,990,2,1,-41
1,82,1,2,-43
1,83,1,2,-43
1,992,2,1,-41
1,993,2,1,-40
1,86,1,2,-41
1,996,2,1,-40
1,997,2,1,-39
1,90,1,2,-41
1,1000,2,1,-39
1,91,1,2,-42
1,93,1,2,-42
1,1002,2,1,-40
1,95,1,2,-41
1,1003,2,1,-39
1,1006,2,1,-39
1,96,1,2,-41
1,97,1,2,-41
1,1008,2,1,-39
1,1010,2,1,-39
1,99,1,2,-41
1,1012,2,1,-39
1,1013,2,1,-39
1,101,1,2,-40
1,102,1,2,-40
1,1015,2,1,-39
1,104,1,2,-40
1,1016,2,1,-38
1,1018,2,1,-39
1,105,1,2,-41
1,1020,2,1,-39
1,106,1,2,-41
1,108,1,2,-41
1,1021,2,1,-41
1,1022,2,1,-39
1,111,1,2,-41
1,112,1,2,-41
1,114,1,2,-41
1,1024,2,1,-39
1,1026,2,1,-39
1,115,1,2,-42
1,1028,2,1,-39
1,116,1,2,-41
1,118,1,2,-43
1,1029,2,1,-40
1,119,1,2,-43
1,120,1,2,-43
1,1031,2,1,-40
1,1032,2,1,-40
1,122,1,2,-43
1,123,1,2,-43
1,1034,2,1,-40
1,1035,2,1,-41
1,125,1,2,-43
1,126,1,2,-43
1,129,1,2,-44
1,1038,2,1,-42
1,132,1,2,-45
1,1040,2,1,-43
1,1041,2,1,-43
1,134,1,2,-49
1,135,1,2,-45
1,1043,2,1,-43
1,1044,2,1,-43
1,1046,2,1,-43
1,1049,2,1,-43
1,139,1,2,-46
1,1050,2,1,-43
1,141,1,2,-45
1,1051,2,1,-42
1,142,1,2,-45
1,1053,2,1,-43
1,145,1,2,-49
1,146,1,2,-49
1,1057,2,1,-45
1,148,1,2,-49
1,1058,2,1,-44
1,1060,2,1,-43
1,149,1,2,-45
1,150,1,2,-45
1,1062,2,1,-42
1,1063,2,1,-41
1,152,1,2,-45
1,153,1,2,-43
1,1066,2,1,-40
1,1067,2,1,-40
1,159,1,2,-43
1,160,1,2,-41
1,161,1,2,-42
1,1069,2,1,-39
1,1071,2,1,-39
1,162,1,2,-41
1,163,1,2,-41
1,1073,2,1,-39
1,1074,2,1,-39
1,166,1,2,-41
1,167,1,2,-41
1,1076,2,1,-39
1,168,1,2,-41
1,1078,2,1,-39
1,169,1,2,-41
1,1079,2,1,-39
1,1082,2,1,-38
1,171,1,2,-40
1,1084,2,1,-38
1,172,1,2,-40
1,174,1,2,-41
1,1085,2,1,-38
1,175,1,2,-40
1,176,1,2,-41
1,1085,2,1,-38
1,1088,2,1,-39
1,176,1,2,-41
1,179,1,2,-41
1,1090,2,1,-40
1,1091,2,1,-41
1,179,1,2,-41
1,182,1,2,-43
1,1093,2,1,-42
1,184,1,2,-45
1,1094,2,1,-43
1,185,1,2,-45
1,1096,2,1,-43
1,1098,2,1,-43
1,186,1,2,-45
1,187,1,2,-45
1,188,1,2,-45
1,190,1,2,-45
1,192,1,2,-45
1,193,1,2,-45
1,195,1,2,-45
1,196,1,2,-45
1,198,1,2,-45
1,199,1,2,-45
1,201,1,2,-45
1,203,1,2,-45
1,204,1,2,-45
1,211,1,2,-43
1,211,1,2,-43
1,217,1,2,-43
1,220,1,2,-43
1,222,1,2,-43
1,224,1,2,-43
1,225,1,2,-43
1,226,1,2,-42
1,227,1,2,-42
1,229,1,2,-42
1,230,1,2,-42
1,232,1,2,-42
1,234,1,2,-41
1,241,1,2,-41
1,246,1,2,-41
1,248,1,2,-40
1,250,1,2,-40
1,252,1,2,-40
1,256,1,2,-40
1,258,1,2,-40
1,259,1,2,-41
1,261,1,2,-40
1,262,1,2,-40
1,263,1,2,-40
1,265,1,2,-40
1,267,1,2,-40
1,269,1,2,-40
1,271,1,2,-40
1,272,1,2,-40
1,273,1,2,-40
1,274,1,2,-40
1,275,1,2,-40
1,276,1,2,-40
1,277,1,2,-40
1,278,1,2,-39
1,280,1,2,-39
1,281,1,2,-39
1,286,1,2,-39
1,288,1,2,-39
1,292,1,2,-40
1,293,1,2,-40
1,294,1,2,-40
1,296,1,2,-40
1,297,1,2,-41
1,299,1,2,-41
1,304,1,2,-41
1,308,1,2,-41
1,310,1,2,-43
1,312,1,2,-43
1,313,1,2,-43
1,315,1,2,-43
1,317,1,2,-44
1,318,1,2,-45
1,320,1,2,-45
1,321,1,2,-44
1,323,1,2,-43
1,325,1,2,-45
1,326,1,2,-45
1,328,1,2,-45
1,330,1,2,-45
1,332,1,2,-45
1,334,1,2,-45
1,336,1,2,-43
1,337,1,2,-43
1,338,1,2,-43
1,340,1,2,-43
1,341,1,2,-43
1,342,1,2,-45
1,344,1,2,-45
1,346,1,2,-43
1,347,1,2,-43
1,348,1,2,-43
1,350,1,2,-43
1,352,1,2,-43
1,353,1,2,-43
1,354,1,2,-43
1,355,1,2,-43
1,358,1,2,-43
1,360,1,2,-43
1,363,1,2,-43
1,365,1,2,-43
1,367,1,2,-43
1,368,1,2,-43
1,369,1,2,-44
1,370,1,2,-44
1,371,1,2,-43
1,373,1,2,-43
1,374,1,2,-45
1,375,1,2,-45
1,377,1,2,-43
1,384,1,2,-43
1,386,1,2,-43
1,387,1,2,-45
1,388,1,2,-43
1,389,1,2,-43
1,393,1,2,-45
1,394,1,2,-44
1,399,1,2,-45
1,401,1,2,-43
1,401,1,2,-43
1,410,1,2,-45
1,414,1,2,-45
1,416,1,2,-45
1,417,1,2,-43
1,417,1,2,-43
1,422,1,2,-43
1,422,1,2,-43
1,427,1,2,-43
1,427,1,2,-43
1,432,1,2,-45
1,433,1,2,-45
1,434,1,2,-47
1,435,1,2,-49
1,437,1,2,-50
1,438,1,2,-51
1,438,1,2,-51
1,442,1,2,-54
1,444,1,2,-54
1,445,1,2,-54
1,447,1,2,-55
1,447,1,2,-55
1,452,1,2,-55
1,453,1,2,-53
1,454,1,2,-53
1,455,1,2,-53
1,457,1,2,-53
1,458,1,2,-53
1,459,1,2,-54
1,461,1,2,-53
1,463,1,2,-53
1,466,1,2,-53
1,470,1,2,-51
1,475,1,2,-45
1,476,1,2,-44
1,477,1,2,-43
1,479,1,2,-43
1,480,1,2,-43
1,482,1,2,-42
1,484,1,2,-41
1,486,1,2,-41
1,487,1,2,-41
1,489,1,2,-41
1,490,1,2,-41
1,493,1,2,-40
1,500,1,2,-39
1,501,1,2,-39
1,502,1,2,-39
1,503,1,2,-39
1,504,1,2,-39
1,506,1,2,-40
1,508,1,2,-40
1,510,1,2,-40
1,512,1,2,-40
1,514,1,2,-41
1,515,1,2,-41
1,516,1,2,-41
1,517,1,2,-41
1,518,1,2,-41
1,519,1,2,-41
1,521,1,2,-41
1,522,1,2,-41
1,523,1,2,-41
1,525,1,2,-41
1,527,1,2,-41
1,528,1,2,-41
1,529,1,2,-41
1,531,1,2,-41
1,532,1,2,-41
1,534,1,2,-41
1,536,1,2,-41
1,537,1,2,-42
1,538,1,2,-42
1,539,1,2,-41
1,541,1,2,-43
1,543,1,2,-45
1,545,1,2,-45
1,546,1,2,-46
1,547,1,2,-51
1,548,1,2,-51
1,549,1,2,-50
1,550,1,2,-47
1,552,1,2,-49
1,554,1,2,-45
1,556,1,2,-45
1,562,1,2,-49
1,564,1,2,-45
1,569,1,2,-49
1,570,1,2,-49
1,572,1,2,-51
1,575,1,2,-51
1,576,1,2,-51
1,582,1,2,-51
1,584,1,2,-50
1,586,1,2,-50
1,587,1,2,-51
1,592,1,2,-50
1,594,1,2,-50
1,595,1,2,-50
1,596,1,2,-47
1,598,1,2,-49
1,603,1,2,-45
1,605,1,2,-45
1,607,1,2,-44
1,609,1,2,-43
1,611,1,2,-43
1,617,1,2,-43
1,619,1,2,-43
1,620,1,2,-43
1,621,1,2,-43
1,623,1,2,-43
1,624,1,2,-43
1,626,1,2,-43
1,628,1,2,-43
1,630,1,2,-43
1,632,1,2,-43
1,634,1,2,-43
1,636,1,2,-45
1,642,1,2,-43
1,644,1,2,-43
1,647,1,2,-43
1,649,1,2,-45
1,650,1,2,-44
1,652,1,2,-43
1,654,1,2,-44
1,657,1,2,-44
1,659,1,2,-44
1,661,1,2,-45
1,662,1,2,-45
1,664,1,2,-44
1,667,1,2,-43
1,668,1,2,-43
1,670,1,2,-43
1,671,1,2,-43
1,673,1,2,-43
1,676,1,2,-43
1,678,1,2,-43
1,679,1,2,-43
1,681,1,2,-44
1,683,1,2,-45
1,684,1,2,-45
1,686,1,2,-45
1,688,1,2,-49
1,690,1,2,-46
1,691,1,2,-45
1,693,1,2,-45
1,694,1,2,-45
1,696,1,2,-45
1,698,1,2,-45
1,699,1,2,-45
1,700,1,2,-45
1,702,1,2,-43
1,704,1,2,-43
1,706,1,2,-43
1,707,1,2,-44
1,709,1,2,-45
1,710,1,2,-49
1,711,1,2,-49
1,712,1,2,-47
1,713,1,2,-47
1,714,1,2,-47
1,715,1,2,-50
1,716,1,2,-47
1,718,1,2,-49
1,720,1,2,-49
1,722,1,2,-49
1,724,1,2,-47
1,725,1,2,-50
1,728,1,2,-50
1,730,1,2,-51
1,732,1,2,-49
1,733,1,2,-51
1,734,1,2,-51
1,736,1,2,-49
1,738,1,2,-49
1,739,1,2,-46
1,741,1,2,-45
1,743,1,2,-45
1,745,1,2,-44
1,747,1,2,-45
1,749,1,2,-45
1,751,1,2,-45
1,753,1,2,-45
1,756,1,2,-45
1,758,1,2,-45
1,763,1,2,-45
1,765,1,2,-44
1,767,1,2,-44
1,773,1,2,-45
1,774,1,2,-45
1,775,1,2,-45
1,777,1,2,-43
1,779,1,2,-43
1,780,1,2,-43
1,781,1,2,-44
1,783,1,2,-45
1,784,1,2,-45
1,785,1,2,-45
1,786,1,2,-49
1,788,1,2,-49
1,789,1,2,-45
1,790,1,2,-45
1,795,1,2,-45
1,796,1,2,-45
1,797,1,2,-49
1,799,1,2,-45
1,800,1,2,-45
1,805,1,2,-43
1,806,1,2,-45
1,807,1,2,-45
1,812,1,2,-45
1,814,1,2,-44
1,816,1,2,-43
1,817,1,2,-43
1,820,1,2,-43
1,823,1,2,-42
1,829,1,2,-43
1,831,1,2,-43
1,833,1,2,-43
1,835,1,2,-43
1,836,1,2,-44
1,837,1,2,-45
1,843,1,2,-45
1,845,1,2,-45
1,847,1,2,-43
1,849,1,2,-42
1,852,1,2,-42
1,853,1,2,-42
1,854,1,2,-41
1,856,1,2,-40
1,857,1,2,-40
1,864,1,2,-39
1,866,1,2,-40
1,871,1,2,-41
1,873,1,2,-42
1,874,1,2,-43
1,875,1,2,-43
1,877,1,2,-45
1,879,1,2,-45
1,881,1,2,-43
1,883,1,2,-42
1,885,1,2,-41
1,886,1,2,-41
1,888,1,2,-41
1,889,1,2,-41
1,891,1,2,-41
1,893,1,2,-42
1,894,1,2,-41
1,895,1,2,-42
1,900,1,2,-43
1,902,1,2,-41
1,904,1,2,-41
1,906,1,2,-41
1,908,1,2,-41
1,909,1,2,-41
1,911,1,2,-41
1,913,1,2,-42
1,917,1,2,-41
1,918,1,2,-41
1,919,1,2,-41
1,921,1,2,-41
1,923,1,2,-41
1,925,1,2,-41
1,928,1,2,-41
1,933,1,2,-41
1,935,1,2,-41
1,943,1,2,-40
1,945,1,2,-40
1,946,1,2,-39
1,947,1,2,-40
1,948,1,2,-41
1,950,1,2,-41
1,952,1,2,-41
1,955,1,2,-41
1,957,1,2,-41
1,959,1,2,-41
1,960,1,2,-41
1,962,1,2,-41
1,964,1,2,-41
1,965,1,2,-41
1,967,1,2,-41
1,968,1,2,-41
1,970,1,2,-41
1,971,1,2,-41
1,973,1,2,-41
1,975,1,2,-42
1,979,1,2,-41
1,985,1,2,-41
1,987,1,2,-41
1,988,1,2,-41
1,990,1,2,-41
1,992,1,2,-42
1,994,1,2,-41
1,996,1,2,-41
1,997,1,2,-41
1,999,1,2,-43
1,1001,1,2,-43
1,1003,1,2,-43
1,1005,1,2,-43
1,1007,1,2,-44
1,1008,1,2,-45
1,1013,1,2,-45
1,1017,1,2,-43
1,1018,1,2,-45
1,1021,1,2,-43
1,1023,1,2,-43
1,1024,1,2,-43
1,1025,1,2,-43
1,1026,1,2,-41
1,1028,1,2,-41
1,1030,1,2,-41
1,1032,1,2,-43
1,1033,1,2,-43
1,1036,1,2,-43
1,1040,1,2,-41
1,1041,1,2,-41
1,1043,1,2,-42
1,1045,1,2,-44
1,1046,1,2,-45
1,1051,1,2,-43
1,1053,1,2,-43
1,1058,1,2,-42
1,1059,1,2,-41
1,1061,1,2,-41
1,1062,1,2,-41
1,1063,1,2,-41
1,1065,1,2,-43
1,1066,1,2,-44
1,1067,1,2,-45
1,1068,1,2,-45
1,1069,1,2,-45
1,1071,1,2,-44
1,1076,1,2,-40
1,1078,1,2,-41
1,1080,1,2,-41
1,1082,1,2,-40
1,1084,1,2,-40
1,1086,1,2,-41
1,1087,1,2,-43
1,1089,1,2,-43
1,1091,1,2,-42
1,1094,1,2,-42
1,1099,1,2,-41
1,0,1,2,-35
1,0,1,2,-35
1,6,1,2,-30
1,7,1,2,-30
1,9,1,2,-30
1,11,1,2,-31
1,13,1,2,-31
1,14,1,2,-31
1,17,1,2,-35
1,17,1,2,-35
1,21,1,2,-37
1,21,1,2,-37
1,21,1,2,-37
1,29,1,2,-39
1,31,1,2,-38
1,32,1,2,-37
1,33,1,2,-37
1,35,1,2,-37
1,39,1,2,-35
1,40,1,2,-35
1,45,1,2,-32
1,45,1,2,-32
1,49,1,2,-35
1,49,1,2,-35
1,53,1,2,-37
1,55,1,2,-39
1,57,1,2,-39
1,59,1,2,-39
1,61,1,2,-39
1,62,1,2,-38
1,64,1,2,-38
1,66,1,2,-37
1,69,1,2,-37
1,71,1,2,-37
1,73,1,2,-37
1,76,1,2,-37
1,80,1,2,-37
1,80,1,2,-37
1,80,1,2,-37
1,89,1,2,-33
1,91,1,2,-32
1,93,1,2,-31
1,98,1,2,-31
1,100,1,2,-30
1,102,1,2,-30
1,102,1,2,-30
1,108,1,2,-30
1,110,1,2,-30
1,112,1,2,-29
1,114,1,2,-29
1,116,1,2,-30
1,118,1,2,-29
1,120,1,2,-29
1,122,1,2,-30
1,123,1,2,-30
1,127,1,2,-32
1,132,1,2,-35
1,134,1,2,-31
1,136,1,2,-31
1,138,1,2,-31
1,139,1,2,-30
1,141,1,2,-29
1,143,1,2,-29
1,144,1,2,-29
1,147,1,2,-27
1,149,1,2,-28
1,150,1,2,-28
1,152,1,2,-29
1,154,1,2,-29
1,156,1,2,-29
1,157,1,2,-29
1,158,1,2,-29
1,160,1,2,-30
1,162,1,2,-30
1,163,1,2,-31
1,165,1,2,-31
1,167,1,2,-31
1,169,1,2,-35
1,170,1,2,-35
1,172,1,2,-36
1,177,1,2,-39
1,179,1,2,-41
1,181,1,2,-41
1,183,1,2,-44
1,185,1,2,-47
1,192,1,2,-41
1,194,1,2,-41
1,196,1,2,-39
1,198,1,2,-38
1,200,1,2,-37
1,202,1,2,-36
1,204,1,2,-35
1,206,1,2,-31
1,207,1,2,-31
1,209,1,2,-31
1,210,1,2,-30
1,212,1,2,-29
1,213,1,2,-29
1,215,1,2,-28
1,218,1,2,-29
1,220,1,2,-29
1,222,1,2,-29
1,224,1,2,-30
1,226,1,2,-29
1,228,1,2,-29
1,229,1,2,-29
1,231,1,2,-29
1,233,1,2,-29
1,239,1,2,-30
1,241,1,2,-30
1,243,1,2,-31
1,245,1,2,-32
1,247,1,2,-35
1,253,1,2,-37
1,255,1,2,-37
1,258,1,2,-35
1,259,1,2,-35
1,260,1,2,-31
1,262,1,2,-30
1,263,1,2,-29
1,265,1,2,-29
1,267,1,2,-29
1,268,1,2,-30
1,272,1,2,-35
1,277,1,2,-31
1,279,1,2,-29
1,282,1,2,-27
1,285,1,2,-26
1,288,1,2,-25
1,289,1,2,-25
1,292,1,2,-26
1,293,1,2,-26
1,294,1,2,-27
1,300,1,2,-27
1,301,1,2,-28
1,303,1,2,-29
1,305,1,2,-30
1,307,1,2,-30
1,308,1,2,-30
1,309,1,2,-31
1,311,1,2,-30
1,313,1,2,-31
1,315,1,2,-31
1,317,1,2,-31
1,318,1,2,-31
1,320,1,2,-31
1,321,1,2,-30
1,322,1,2,-29
1,324,1,2,-29
1,326,1,2,-29
1,328,1,2,-29
1,334,1,2,-29
1,336,1,2,-29
1,340,1,2,-30
1,342,1,2,-31
1,344,1,2,-32
1,346,1,2,-33
1,348,1,2,-35
1,351,1,2,-36
1,352,1,2,-36
1,353,1,2,-35
1,0,2,1,-31
1,355,1,2,-31
1,356,1,2,-31
1,358,1,2,-31
1,359,1,2,-31
1,361,1,2,-35
1,362,1,2,-35
1,366,1,2,-37
1,368,1,2,-37
1,370,1,2,-38
1,375,1,2,-39
1,377,1,2,-38
1,381,1,2,-32
1,383,1,2,-30
1,384,1,2,-29
1,385,1,2,-29
1,388,1,2,-31
1,389,1,2,-31
1,390,1,2,-35
1,393,1,2,-37
1,395,1,2,-39
1,397,1,2,-39
1,398,1,2,-38
1,400,1,2,-37
1,402,1,2,-35
1,404,1,2,-32
1,405,1,2,-31
1,406,1,2,-31
1,408,1,2,-31
1,409,1,2,-31
1,410,1,2,-30
1,411,1,2,-30
1,416,1,2,-31
1,417,1,2,-32
1,1,2,1,-29
1,419,1,2,-35
1,420,1,2,-35
1,421,1,2,-32
1,423,1,2,-31
1,424,1,2,-32
1,2,2,1,-31
1,426,1,2,-31
1,427,1,2,-32
1,429,1,2,-35
1,431,1,2,-37
1,433,1,2,-39
1,438,1,2,-36
1,439,1,2,-35
1,440,1,2,-32
1,441,1,2,-35
1,442,1,2,-35
1,3,2,1,-33
1,445,1,2,-39
1,447,1,2,-41
1,448,1,2,-39
1,450,1,2,-35
1,455,1,2,-29
1,456,1,2,-29
1,459,1,2,-30
1,461,1,2,-31
1,463,1,2,-31
1,466,1,2,-32
1,468,1,2,-31
1,469,1,2,-30
1,471,1,2,-29
1,474,1,2,-30
1,476,1,2,-31
1,479,1,2,-36
1,485,1,2,-36
1,486,1,2,-36
1,493,1,2,-32
1,494,1,2,-32
1,498,1,2,-31
1,500,1,2,-30
1,502,1,2,-30
1,503,1,2,-30
1,4,2,1,-28
1,505,1,2,-35
1,507,1,2,-35
1,508,1,2,-32
1,509,1,2,-31
1,515,1,2,-31
1,517,1,2,-31
1,519,1,2,-31
1,524,1,2,-31
1,527,1,2,-31
1,529,1,2,-31
1,531,1,2,-31
1,533,1,2,-32
1,535,1,2,-32
1,537,1,2,-31
1,539,1,2,-30
1,540,1,2,-30
1,542,1,2,-31
1,547,1,2,-36
1,551,1,2,-31
1,556,1,2,-28
1,558,1,2,-28
1,559,1,2,-29
1,561,1,2,-29
1,561,1,2,-29
1,561,1,2,-29
1,572,1,2,-31
1,573,1,2,-31
1,573,1,2,-31
1,578,1,2,-30
1,578,1,2,-30
1,586,1,2,-30
1,588,1,2,-29
1,590,1,2,-30
1,591,1,2,-30
1,592,1,2,-31
1,594,1,2,-31
1,596,1,2,-31
1,597,1,2,-31
1,598,1,2,-31
1,600,1,2,-31
1,602,1,2,-31
1,604,1,2,-29
1,605,1,2,-29
1,607,1,2,-28
1,609,1,2,-27
1,610,1,2,-27
1,613,1,2,-27
1,615,1,2,-27
1,616,1,2,-28
1,618,1,2,-29
1,620,1,2,-28
1,621,1,2,-27
1,622,1,2,-27
1,624,1,2,-27
1,626,1,2,-27
1,628,1,2,-27
1,629,1,2,-27
1,632,1,2,-27
1,634,1,2,-28
1,635,1,2,-27
1,637,1,2,-27
1,639,1,2,-27
1,644,1,2,-27
1,647,1,2,-27
1,649,1,2,-27
1,650,1,2,-27
1,651,1,2,-27
1,652,1,2,-27
1,654,1,2,-28
1,655,1,2,-28
1,655,1,2,-28
1,655,1,2,-28
1,655,1,2,-28
1,655,1,2,-28
1,672,1,2,-27
1,674,1,2,-27
1,674,1,2,-27
1,678,1,2,-27
1,679,1,2,-27
1,679,1,2,-27
1,685,1,2,-27
1,687,1,2,-27
1,689,1,2,-27
1,691,1,2,-27
1,692,1,2,-26
1,693,1,2,-26
1,694,1,2,-26
1,696,1,2,-27
1,697,1,2,-27
1,698,1,2,-27
1,699,1,2,-27
1,701,1,2,-27
1,703,1,2,-27
1,705,1,2,-28
1,706,1,2,-28
1,708,1,2,-28
1,710,1,2,-28
1,711,1,2,-29
1,713,1,2,-28
1,715,1,2,-29
1,717,1,2,-27
1,719,1,2,-27
1,721,1,2,-26
1,723,1,2,-26
1,725,1,2,-26
1,727,1,2,-26
1,729,1,2,-26
1,731,1,2,-26
1,732,1,2,-27
1,734,1,2,-27
1,735,1,2,-27
1,737,1,2,-28
1,739,1,2,-28
1,741,1,2,-29
1,742,1,2,-29
1,744,1,2,-29
1,746,1,2,-28
1,750,1,2,-28
1,751,1,2,-29
1,5,2,1,-26
1,753,1,2,-29
1,754,1,2,-29
1,758,1,2,-29
1,762,1,2,-29
1,764,1,2,-29
1,765,1,2,-30
1,766,1,2,-29
1,768,1,2,-29
1,771,1,2,-29
1,773,1,2,-29
1,779,1,2,-29
1,780,1,2,-29
1,785,1,2,-29
1,787,1,2,-30
1,788,1,2,-30
1,6,2,1,-27
1,791,1,2,-30
1,792,1,2,-30
1,793,1,2,-30
1,794,1,2,-30
1,795,1,2,-30
1,797,1,2,-30
1,799,1,2,-30
1,800,1,2,-30
1,806,1,2,-30
1,807,1,2,-29
1,811,1,2,-29
1,813,1,2,-28
1,814,1,2,-28
1,816,1,2,-28
1,818,1,2,-27
1,821,1,2,-27
1,822,1,2,-27
1,830,1,2,-27
1,836,1,2,-27
1,837,1,2,-27
1,838,1,2,-27
1,840,1,2,-27
1,841,1,2,-27
1,843,1,2,-27
1,845,1,2,-27
1,847,1,2,-27
1,848,1,2,-27
1,854,1,2,-27
1,855,1,2,-27
1,860,1,2,-27
1,862,1,2,-28
1,864,1,2,-27
1,866,1,2,-27
1,871,1,2,-27
1,880,1,2,-27
1,882,1,2,-27
1,883,1,2,-27
1,884,1,2,-27
1,890,1,2,-27
1,892,1,2,-27
1,894,1,2,-27
1,896,1,2,-27
1,898,1,2,-27
1,900,1,2,-27
1,902,1,2,-27
1,905,1,2,-27
1,907,1,2,-27
1,908,1,2,-27
1,909,1,2,-27
1,7,2,1,-25
1,911,1,2,-27
1,913,1,2,-27
1,915,1,2,-27
1,919,1,2,-26
1,921,1,2,-26
1,923,1,2,-26
1,926,1,2,-27
1,928,1,2,-26
1,929,1,2,-27
1,935,1,2,-26
1,938,1,2,-26
1,940,1,2,-26
1,941,1,2,-27
1,943,1,2,-26
1,944,1,2,-27
1,945,1,2,-27
1,8,2,1,-24
1,947,1,2,-26
1,949,1,2,-27
1,951,1,2,-27
1,952,1,2,-26
1,954,1,2,-27
1,956,1,2,-27
1,958,1,2,-27
1,961,1,2,-27
1,963,1,2,-27
1,965,1,2,-27
1,970,1,2,-27
1,972,1,2,-27
1,974,1,2,-27
1,975,1,2,-27
1,976,1,2,-27
1,978,1,2,-27
1,979,1,2,-27
1,980,1,2,-27
1,982,1,2,-27
1,983,1,2,-27
1,987,1,2,-27
1,989,1,2,-27
1,991,1,2,-27
1,992,1,2,-27
1,998,1,2,-27
1,1000,1,2,-27
1,1001,1,2,-27
1,1004,1,2,-27
1,1005,1,2,-27
1,1006,1,2,-27
1,1008,1,2,-27
1,1011,1,2,-27
1,1014,1,2,-27
1,1016,1,2,-27
1,1018,1,2,-27
1,1020,1,2,-27
1,1022,1,2,-27
1,1024,1,2,-27
1,1025,1,2,-27
1,1026,1,2,-27
1,1028,1,2,-27
1,1030,1,2,-27
1,1032,1,2,-27
1,1035,1,2,-27
1,1036,1,2,-27
1,1038,1,2,-27
1,1040,1,2,-27
1,1042,1,2,-27
1,1044,1,2,-27
1,1046,1,2,-27
1,1047,1,2,-27
1,1049,1,2,-27
1,1050,1,2,-27
1,1051,1,2,-26
1,1053,1,2,-26
1,1054,1,2,-26
1,1059,1,2,-25
1,1061,1,2,-25
1,1063,1,2,-25
1,1065,1,2,-25
1,1067,1,2,-25
1,1069,1,2,-25
1,1070,1,2,-25
1,1075,1,2,-25
1,1078,1,2,-25
1,1080,1,2,-25
1,1082,1,2,-25
1,1084,1,2,-25
1,1086,1,2,-25
1,1091,1,2,-25
1,1093,1,2,-25
1,1094,1,2,-25
1,9,2,1,-29
1,1096,1,2,-25
1,1098,1,2,-25
1,10,2,1,-29
1,1099,1,2,-25
