9,0,1,2,-64
9,1,1,2,-64
9,0,2,1,-60
9,2,1,2,-66
9,1,2,1,-65
9,3,1,2,-66
9,2,2,1,-62
9,4,1,2,-66
9,3,2,1,-62
9,5,1,2,-66
9,4,2,1,-62
9,6,1,2,-64
9,5,2,1,-62
9,7,1,2,-64
9,6,2,1,-58
9,8,1,2,-62
9,7,2,1,-57
9,9,1,2,-62
9,8,2,1,-60
9,10,1,2,-66
9,9,2,1,-63
9,11,1,2,-62
9,10,2,1,-59
9,12,1,2,-61
9,11,2,1,-55
9,13,1,2,-63
9,12,2,1,-60
9,14,1,2,-64
9,13,2,1,-61
9,15,1,2,-62
9,16,1,2,-68
9,17,1,2,-62
9,17,1,2,-62
9,14,2,1,-60
9,18,1,2,-64
9,15,2,1,-63
9,19,1,2,-67
9,16,2,1,-64
9,20,1,2,-64
9,17,2,1,-62
9,21,1,2,-65
9,18,2,1,-62
9,22,1,2,-67
9,19,2,1,-64
9,23,1,2,-64
9,20,2,1,-61
9,24,1,2,-69
9,21,2,1,-66
9,25,1,2,-70
9,22,2,1,-68
9,26,1,2,-64
9,27,1,2,-66
9,23,2,1,-64
9,28,1,2,-68
9,24,2,1,-64
9,29,1,2,-64
9,30,1,2,-64
9,25,2,1,-62
9,31,1,2,-64
9,26,2,1,-60
9,32,1,2,-64
9,27,2,1,-62
9,33,1,2,-64
9,28,2,1,-60
9,34,1,2,-64
9,29,2,1,-62
9,35,1,2,-64
9,30,2,1,-60
9,36,1,2,-65
9,37,1,2,-68
9,31,2,1,-65
9,38,1,2,-67
9,32,2,1,-64
9,39,1,2,-66
9,33,2,1,-64
9,40,1,2,-68
9,34,2,1,-66
9,41,1,2,-64
9,35,2,1,-62
9,42,1,2,-66
9,36,2,1,-62
9,43,1,2,-68
9,37,2,1,-64
9,44,1,2,-64
9,38,2,1,-62
9,45,1,2,-64
9,39,2,1,-60
9,46,1,2,-63
9,40,2,1,-60
9,47,1,2,-64
9,41,2,1,-61
9,48,1,2,-67
9,42,2,1,-65
9,49,1,2,-66
9,43,2,1,-66
9,50,1,2,-66
9,44,2,1,-64
9,51,1,2,-66
9,45,2,1,-62
9,52,1,2,-64
9,53,1,2,-64
9,46,2,1,-61
9,54,1,2,-64
9,47,2,1,-61
9,55,1,2,-64
9,48,2,1,-61
9,56,1,2,-64
9,49,2,1,-62
9,57,1,2,-66
9,50,2,1,-63
9,58,1,2,-66
9,51,2,1,-64
9,59,1,2,-68
9,52,2,1,-64
9,60,1,2,-66
9,53,2,1,-63
9,61,1,2,-64
9,54,2,1,-62
9,62,1,2,-63
9,55,2,1,-60
9,63,1,2,-64
9,56,2,1,-61
9,64,1,2,-62
9,57,2,1,-60
9,65,1,2,-62
9,58,2,1,-60
9,66,1,2,-66
9,59,2,1,-62
9,67,1,2,-64
9,60,2,1,-62
9,68,1,2,-64
9,61,2,1,-61
9,69,1,2,-64
9,62,2,1,-60
9,70,1,2,-61
9,63,2,1,-56
9,71,1,2,-60
9,64,2,1,-55
9,72,1,2,-64
9,65,2,1,-61
9,73,1,2,-64
9,66,2,1,-62
9,74,1,2,-65
9,67,2,1,-63
9,75,1,2,-64
9,68,2,1,-62
9,76,1,2,-64
9,69,2,1,-62
9,77,1,2,-66
9,70,2,1,-62
9,78,1,2,-68
9,71,2,1,-64
9,79,1,2,-69
9,72,2,1,-69
9,80,1,2,-68
9,73,2,1,-66
9,81,1,2,-64
9,74,2,1,-61
9,82,1,2,-64
9,75,2,1,-61
9,83,1,2,-64
9,76,2,1,-62
9,84,1,2,-63
9,77,2,1,-61
9,85,1,2,-64
9,78,2,1,-62
9,86,1,2,-63
9,79,2,1,-61
9,87,1,2,-62
9,80,2,1,-59
9,88,1,2,-62
9,81,2,1,-59
9,89,1,2,-62
9,82,2,1,-59
9,90,1,2,-64
9,83,2,1,-61
9,91,1,2,-63
9,92,1,2,-62
9,84,2,1,-60
9,93,1,2,-60
9,85,2,1,-56
9,94,1,2,-61
9,86,2,1,-56
9,95,1,2,-64
9,87,2,1,-60
9,96,1,2,-62
9,88,2,1,-58
9,97,1,2,-63
9,98,1,2,-62
9,89,2,1,-59
9,99,1,2,-64
9,90,2,1,-62
9,100,1,2,-64
9,91,2,1,-62
9,101,1,2,-64
9,92,2,1,-61
9,102,1,2,-64
9,93,2,1,-61
9,103,1,2,-62
9,94,2,1,-61
9,104,1,2,-64
9,95,2,1,-62
9,105,1,2,-64
9,96,2,1,-62
9,106,1,2,-64
9,107,1,2,-66
9,97,2,1,-64
9,108,1,2,-66
9,98,2,1,-63
9,109,1,2,-65
9,99,2,1,-64
9,110,1,2,-74
9,100,2,1,-72
9,111,1,2,-80
9,101,2,1,-76
9,112,1,2,-70
9,102,2,1,-66
9,113,1,2,-70
9,103,2,1,-67
9,114,1,2,-68
9,104,2,1,-65
9,115,1,2,-70
9,105,2,1,-66
9,116,1,2,-68
9,106,2,1,-64
9,117,1,2,-68
9,107,2,1,-62
9,118,1,2,-66
9,108,2,1,-64
9,119,1,2,-70
9,109,2,1,-68
9,120,1,2,-74
9,110,2,1,-69
9,121,1,2,-68
9,111,2,1,-64
9,122,1,2,-68
9,112,2,1,-66
9,123,1,2,-66
9,113,2,1,-62
9,124,1,2,-64
9,114,2,1,-61
9,125,1,2,-66
9,115,2,1,-64
9,126,1,2,-65
9,127,1,2,-64
9,116,2,1,-63
9,128,1,2,-65
9,117,2,1,-62
9,129,1,2,-67
9,130,1,2,-66
9,118,2,1,-64
9,131,1,2,-68
9,119,2,1,-65
9,132,1,2,-65
9,120,2,1,-62
9,133,1,2,-65
9,121,2,1,-63
9,134,1,2,-64
9,122,2,1,-62
9,135,1,2,-62
9,123,2,1,-56
9,136,1,2,-62
9,124,2,1,-60
9,137,1,2,-62
9,125,2,1,-59
9,138,1,2,-62
9,126,2,1,-60
9,139,1,2,-61
9,127,2,1,-60
9,140,1,2,-64
9,128,2,1,-59
9,141,1,2,-64
9,129,2,1,-62
9,142,1,2,-64
9,130,2,1,-61
9,143,1,2,-62
9,131,2,1,-60
9,144,1,2,-62
9,132,2,1,-60
9,145,1,2,-69
9,133,2,1,-66
9,146,1,2,-72
9,134,2,1,-67
9,147,1,2,-69
9,135,2,1,-66
9,148,1,2,-67
9,149,1,2,-64
9,136,2,1,-62
9,150,1,2,-62
9,137,2,1,-56
9,151,1,2,-61
9,138,2,1,-60
9,152,1,2,-60
9,139,2,1,-54
9,153,1,2,-62
9,140,2,1,-56
9,154,1,2,-62
9,141,2,1,-60
9,155,1,2,-69
9,142,2,1,-67
9,156,1,2,-67
9,143,2,1,-65
9,157,1,2,-62
9,144,2,1,-60
9,158,1,2,-60
9,145,2,1,-55
9,159,1,2,-62
9,146,2,1,-56
9,160,1,2,-62
9,161,1,2,-64
9,147,2,1,-62
9,162,1,2,-60
9,148,2,1,-56
9,163,1,2,-66
9,149,2,1,-63
9,164,1,2,-62
9,150,2,1,-60
9,165,1,2,-62
9,151,2,1,-61
9,166,1,2,-62
9,152,2,1,-59
9,167,1,2,-64
9,153,2,1,-60
9,168,1,2,-64
9,154,2,1,-62
9,169,1,2,-68
9,155,2,1,-65
9,170,1,2,-66
9,156,2,1,-65
9,171,1,2,-68
9,157,2,1,-65
9,172,1,2,-68
9,158,2,1,-64
9,173,1,2,-62
9,159,2,1,-60
9,174,1,2,-66
9,160,2,1,-62
9,175,1,2,-69
9,161,2,1,-67
9,176,1,2,-68
9,162,2,1,-66
9,177,1,2,-66
9,163,2,1,-62
9,178,1,2,-76
9,164,2,1,-74
9,179,1,2,-67
9,165,2,1,-64
9,180,1,2,-68
9,166,2,1,-64
9,181,1,2,-67
9,167,2,1,-64
9,182,1,2,-68
9,168,2,1,-65
9,183,1,2,-66
9,169,2,1,-64
9,184,1,2,-66
9,185,1,2,-68
9,170,2,1,-64
9,186,1,2,-62
9,171,2,1,-59
9,187,1,2,-64
9,172,2,1,-61
9,188,1,2,-64
9,173,2,1,-62
9,189,1,2,-63
9,174,2,1,-61
9,190,1,2,-62
9,175,2,1,-60
9,191,1,2,-64
9,176,2,1,-62
9,192,1,2,-64
9,177,2,1,-61
9,193,1,2,-64
9,178,2,1,-62
9,194,1,2,-64
9,179,2,1,-62
9,195,1,2,-67
9,180,2,1,-64
9,196,1,2,-65
9,181,2,1,-63
9,197,1,2,-67
9,182,2,1,-65
9,198,1,2,-66
9,183,2,1,-64
9,199,1,2,-65
9,184,2,1,-62
9,200,1,2,-66
9,185,2,1,-62
9,201,1,2,-66
9,186,2,1,-63
9,202,1,2,-66
9,187,2,1,-64
9,203,1,2,-66
9,188,2,1,-64
9,204,1,2,-66
9,189,2,1,-63
9,205,1,2,-67
9,190,2,1,-64
9,206,1,2,-66
9,191,2,1,-63
9,207,1,2,-66
9,192,2,1,-64
9,208,1,2,-68
9,193,2,1,-66
9,209,1,2,-69
9,194,2,1,-65
9,210,1,2,-66
9,195,2,1,-64
9,211,1,2,-68
9,196,2,1,-64
9,212,1,2,-66
9,197,2,1,-64
9,213,1,2,-67
9,198,2,1,-64
9,214,1,2,-66
9,199,2,1,-63
9,215,1,2,-66
9,200,2,1,-63
9,216,1,2,-65
9,201,2,1,-62
9,217,1,2,-65
9,202,2,1,-62
9,218,1,2,-64
9,203,2,1,-62
9,219,1,2,-62
9,204,2,1,-59
9,220,1,2,-62
9,205,2,1,-59
9,221,1,2,-62
9,206,2,1,-60
9,222,1,2,-64
9,207,2,1,-62
9,223,1,2,-66
9,208,2,1,-63
9,224,1,2,-68
9,225,1,2,-66
9,209,2,1,-64
9,226,1,2,-66
9,210,2,1,-63
9,227,1,2,-67
9,211,2,1,-62
9,228,1,2,-68
9,212,2,1,-64
9,229,1,2,-66
9,213,2,1,-62
9,230,1,2,-64
9,214,2,1,-63
9,231,1,2,-67
9,215,2,1,-64
9,232,1,2,-64
9,233,1,2,-67
9,216,2,1,-64
9,234,1,2,-66
9,217,2,1,-62
9,235,1,2,-66
9,218,2,1,-64
9,236,1,2,-66
9,219,2,1,-64
9,237,1,2,-65
9,220,2,1,-62
9,238,1,2,-66
9,221,2,1,-63
9,239,1,2,-65
9,222,2,1,-62
9,240,1,2,-66
9,223,2,1,-63
9,241,1,2,-68
9,242,1,2,-68
9,224,2,1,-67
9,243,1,2,-69
9,225,2,1,-65
9,244,1,2,-67
9,226,2,1,-65
9,245,1,2,-66
9,227,2,1,-64
9,246,1,2,-66
9,228,2,1,-64
9,247,1,2,-66
9,229,2,1,-64
9,248,1,2,-64
9,230,2,1,-62
9,249,1,2,-68
9,231,2,1,-64
9,250,1,2,-67
9,232,2,1,-65
9,251,1,2,-66
9,233,2,1,-63
9,252,1,2,-68
9,234,2,1,-64
9,253,1,2,-66
9,235,2,1,-63
9,254,1,2,-67
9,236,2,1,-64
9,255,1,2,-68
9,237,2,1,-65
9,256,1,2,-67
9,238,2,1,-64
9,257,1,2,-66
9,239,2,1,-63
9,258,1,2,-68
9,240,2,1,-66
9,259,1,2,-71
9,241,2,1,-67
9,260,1,2,-67
9,242,2,1,-65
9,261,1,2,-65
9,243,2,1,-62
9,262,1,2,-64
9,244,2,1,-61
9,263,1,2,-62
9,245,2,1,-60
9,264,1,2,-65
9,246,2,1,-63
9,265,1,2,-66
9,247,2,1,-63
9,266,1,2,-64
9,248,2,1,-62
9,267,1,2,-66
9,249,2,1,-64
9,268,1,2,-64
9,250,2,1,-61
9,269,1,2,-65
9,251,2,1,-63
9,270,1,2,-64
9,252,2,1,-61
9,271,1,2,-63
9,253,2,1,-60
9,272,1,2,-63
9,254,2,1,-60
9,273,1,2,-66
9,274,1,2,-62
9,255,2,1,-60
9,275,1,2,-64
9,256,2,1,-62
9,276,1,2,-62
9,257,2,1,-60
9,277,1,2,-63
9,278,1,2,-68
9,258,2,1,-66
9,279,1,2,-67
9,259,2,1,-64
9,280,1,2,-65
9,260,2,1,-62
9,281,1,2,-62
9,261,2,1,-58
9,282,1,2,-62
9,262,2,1,-59
9,283,1,2,-62
9,263,2,1,-59
9,284,1,2,-66
9,264,2,1,-64
9,285,1,2,-64
9,265,2,1,-60
9,286,1,2,-64
9,266,2,1,-61
9,287,1,2,-65
9,267,2,1,-62
9,288,1,2,-62
9,268,2,1,-60
9,289,1,2,-63
9,269,2,1,-61
9,290,1,2,-66
9,270,2,1,-64
9,291,1,2,-62
9,271,2,1,-57
9,292,1,2,-63
9,272,2,1,-62
9,293,1,2,-69
9,273,2,1,-67
9,294,1,2,-68
9,274,2,1,-66
9,295,1,2,-64
9,275,2,1,-63
9,296,1,2,-64
9,276,2,1,-61
9,297,1,2,-64
9,277,2,1,-61
9,298,1,2,-62
9,278,2,1,-60
9,299,1,2,-63
9,300,1,2,-62
9,279,2,1,-58
9,301,1,2,-60
9,280,2,1,-56
9,302,1,2,-59
9,281,2,1,-58
9,303,1,2,-59
9,282,2,1,-59
9,304,1,2,-60
9,283,2,1,-59
9,305,1,2,-59
9,284,2,1,-58
9,306,1,2,-59
9,285,2,1,-59
9,307,1,2,-59
9,308,1,2,-60
9,286,2,1,-54
9,309,1,2,-60
9,287,2,1,-55
9,310,1,2,-60
9,288,2,1,-54
9,311,1,2,-59
9,289,2,1,-60
9,312,1,2,-60
9,290,2,1,-55
9,313,1,2,-60
9,291,2,1,-62
9,314,1,2,-60
9,292,2,1,-60
9,315,1,2,-62
9,293,2,1,-60
9,316,1,2,-64
9,294,2,1,-60
9,317,1,2,-64
9,295,2,1,-62
9,318,1,2,-62
9,296,2,1,-57
9,319,1,2,-60
9,297,2,1,-54
9,320,1,2,-60
9,298,2,1,-58
9,321,1,2,-60
9,299,2,1,-55
9,322,1,2,-58
9,300,2,1,-57
9,323,1,2,-60
9,301,2,1,-58
9,324,1,2,-58
9,302,2,1,-59
9,325,1,2,-59
9,303,2,1,-54
9,326,1,2,-60
9,304,2,1,-56
9,327,1,2,-62
9,305,2,1,-60
9,328,1,2,-62
9,306,2,1,-60
9,329,1,2,-60
9,307,2,1,-56
9,330,1,2,-61
9,308,2,1,-58
9,331,1,2,-61
9,309,2,1,-56
9,332,1,2,-61
9,333,1,2,-62
9,334,1,2,-62
9,310,2,1,-59
9,335,1,2,-62
9,311,2,1,-57
9,336,1,2,-60
9,312,2,1,-56
9,337,1,2,-61
9,313,2,1,-56
9,338,1,2,-60
9,314,2,1,-55
9,339,1,2,-61
9,315,2,1,-58
9,340,1,2,-61
9,316,2,1,-56
9,341,1,2,-65
9,342,1,2,-64
9,317,2,1,-62
9,343,1,2,-62
9,318,2,1,-60
9,344,1,2,-61
9,345,1,2,-63
9,319,2,1,-61
9,346,1,2,-62
9,320,2,1,-61
9,347,1,2,-63
9,321,2,1,-60
9,348,1,2,-62
9,322,2,1,-57
9,349,1,2,-59
9,323,2,1,-59
9,350,1,2,-61
9,324,2,1,-58
9,351,1,2,-66
9,325,2,1,-65
9,352,1,2,-77
9,326,2,1,-68
9,353,1,2,-66
9,327,2,1,-62
9,354,1,2,-66
9,328,2,1,-64
9,355,1,2,-78
9,329,2,1,-75
9,356,1,2,-73
9,330,2,1,-68
9,357,1,2,-68
9,331,2,1,-63
9,358,1,2,-62
9,332,2,1,-56
9,359,1,2,-59
9,333,2,1,-58
9,360,1,2,-60
9,334,2,1,-55
9,361,1,2,-61
9,335,2,1,-56
9,362,1,2,-60
9,336,2,1,-55
9,363,1,2,-60
9,337,2,1,-56
9,364,1,2,-62
9,338,2,1,-59
9,365,1,2,-68
9,339,2,1,-65
9,366,1,2,-68
9,367,1,2,-68
9,340,2,1,-64
9,368,1,2,-72
9,341,2,1,-68
9,369,1,2,-60
9,342,2,1,-54
9,370,1,2,-60
9,343,2,1,-60
9,371,1,2,-60
9,344,2,1,-54
9,372,1,2,-60
9,345,2,1,-54
9,373,1,2,-60
9,346,2,1,-54
9,374,1,2,-61
9,347,2,1,-55
9,375,1,2,-60
9,376,1,2,-62
9,348,2,1,-58
9,377,1,2,-62
9,349,2,1,-57
9,378,1,2,-61
9,350,2,1,-59
9,379,1,2,-62
9,351,2,1,-57
9,380,1,2,-64
9,352,2,1,-61
9,381,1,2,-64
9,353,2,1,-60
9,382,1,2,-64
9,354,2,1,-60
9,383,1,2,-63
9,355,2,1,-60
9,384,1,2,-62
9,356,2,1,-60
9,385,1,2,-62
9,357,2,1,-59
9,386,1,2,-63
9,358,2,1,-60
9,387,1,2,-61
9,359,2,1,-59
9,388,1,2,-62
9,360,2,1,-60
9,389,1,2,-59
9,390,1,2,-59
9,361,2,1,-60
9,391,1,2,-58
9,362,2,1,-58
9,392,1,2,-60
9,363,2,1,-55
9,393,1,2,-58
9,364,2,1,-57
9,394,1,2,-58
9,365,2,1,-58
9,395,1,2,-62
9,366,2,1,-58
9,396,1,2,-60
9,367,2,1,-56
9,397,1,2,-62
9,368,2,1,-60
9,398,1,2,-61
9,369,2,1,-58
9,399,1,2,-64
9,370,2,1,-58
9,400,1,2,-62
9,371,2,1,-56
9,401,1,2,-64
9,372,2,1,-62
9,402,1,2,-64
9,373,2,1,-60
9,403,1,2,-64
9,374,2,1,-60
9,404,1,2,-68
9,405,1,2,-68
9,375,2,1,-64
9,406,1,2,-66
9,407,1,2,-67
9,376,2,1,-64
9,408,1,2,-66
9,377,2,1,-64
9,409,1,2,-66
9,378,2,1,-63
9,410,1,2,-66
9,379,2,1,-63
9,411,1,2,-66
9,380,2,1,-63
9,412,1,2,-64
9,381,2,1,-60
9,413,1,2,-72
9,382,2,1,-70
9,414,1,2,-83
9,415,1,2,-72
9,383,2,1,-69
9,416,1,2,-73
9,384,2,1,-69
9,417,1,2,-77
9,385,2,1,-78
9,418,1,2,-68
9,386,2,1,-67
9,419,1,2,-70
9,387,2,1,-67
9,420,1,2,-68
9,388,2,1,-66
9,421,1,2,-70
9,389,2,1,-68
9,422,1,2,-74
9,390,2,1,-69
9,423,1,2,-66
9,391,2,1,-63
9,424,1,2,-67
9,392,2,1,-63
9,425,1,2,-62
9,393,2,1,-60
9,426,1,2,-62
9,394,2,1,-60
9,427,1,2,-64
9,395,2,1,-60
9,428,1,2,-64
9,396,2,1,-62
9,429,1,2,-66
9,397,2,1,-64
9,430,1,2,-68
9,398,2,1,-64
9,431,1,2,-64
9,399,2,1,-60
9,432,1,2,-65
9,400,2,1,-63
9,433,1,2,-62
9,401,2,1,-58
9,434,1,2,-60
9,402,2,1,-56
9,435,1,2,-60
9,403,2,1,-56
9,436,1,2,-61
9,437,1,2,-62
9,438,1,2,-61
9,404,2,1,-56
9,439,1,2,-61
9,405,2,1,-58
9,440,1,2,-67
9,406,2,1,-65
9,441,1,2,-64
9,407,2,1,-61
9,442,1,2,-60
9,408,2,1,-61
9,443,1,2,-59
9,409,2,1,-59
9,444,1,2,-60
9,410,2,1,-60
9,445,1,2,-62
9,411,2,1,-60
9,446,1,2,-62
9,412,2,1,-60
9,447,1,2,-67
9,448,1,2,-65
9,413,2,1,-62
9,449,1,2,-62
9,450,1,2,-66
9,451,1,2,-63
9,414,2,1,-60
9,452,1,2,-62
9,415,2,1,-60
9,453,1,2,-62
9,416,2,1,-60
9,454,1,2,-61
9,417,2,1,-56
9,455,1,2,-64
9,418,2,1,-62
9,456,1,2,-64
9,457,1,2,-62
9,458,1,2,-62
9,419,2,1,-56
9,459,1,2,-60
9,420,2,1,-55
9,460,1,2,-62
9,421,2,1,-59
9,461,1,2,-62
9,422,2,1,-56
9,462,1,2,-63
9,423,2,1,-58
9,463,1,2,-62
9,424,2,1,-58
9,464,1,2,-63
9,425,2,1,-60
9,465,1,2,-62
9,426,2,1,-56
9,466,1,2,-63
9,427,2,1,-60
9,467,1,2,-62
9,428,2,1,-60
9,468,1,2,-60
9,429,2,1,-55
9,469,1,2,-62
9,430,2,1,-59
9,470,1,2,-61
9,431,2,1,-58
9,471,1,2,-62
9,432,2,1,-60
9,472,1,2,-60
9,433,2,1,-58
9,473,1,2,-60
9,434,2,1,-58
9,474,1,2,-60
9,435,2,1,-54
9,475,1,2,-63
9,436,2,1,-60
9,476,1,2,-59
9,477,1,2,-60
9,437,2,1,-55
9,478,1,2,-61
9,438,2,1,-59
9,479,1,2,-64
9,480,1,2,-64
9,439,2,1,-60
9,481,1,2,-66
9,482,1,2,-64
9,440,2,1,-58
9,483,1,2,-61
9,441,2,1,-56
9,484,1,2,-62
9,485,1,2,-63
9,442,2,1,-59
9,486,1,2,-62
9,443,2,1,-59
9,487,1,2,-62
9,444,2,1,-58
9,488,1,2,-60
9,445,2,1,-56
9,489,1,2,-62
9,446,2,1,-57
9,490,1,2,-60
9,491,1,2,-60
9,447,2,1,-55
9,492,1,2,-62
9,448,2,1,-59
9,493,1,2,-62
9,449,2,1,-60
9,494,1,2,-60
9,450,2,1,-56
9,495,1,2,-61
9,451,2,1,-56
9,496,1,2,-61
9,452,2,1,-56
9,497,1,2,-61
9,453,2,1,-56
9,498,1,2,-62
9,454,2,1,-59
9,499,1,2,-60
9,455,2,1,-55
9,500,1,2,-60
9,456,2,1,-54
9,501,1,2,-62
9,457,2,1,-59
9,502,1,2,-62
9,458,2,1,-60
9,503,1,2,-62
9,459,2,1,-60
9,504,1,2,-60
9,460,2,1,-56
9,505,1,2,-60
9,461,2,1,-54
9,506,1,2,-60
9,462,2,1,-60
9,507,1,2,-60
9,463,2,1,-56
9,508,1,2,-60
9,464,2,1,-54
9,509,1,2,-63
9,465,2,1,-60
9,510,1,2,-64
9,466,2,1,-64
9,511,1,2,-64
9,467,2,1,-62
9,512,1,2,-66
9,468,2,1,-63
9,513,1,2,-63
9,469,2,1,-60
9,514,1,2,-62
9,470,2,1,-59
9,515,1,2,-60
9,471,2,1,-56
9,516,1,2,-64
9,472,2,1,-62
9,517,1,2,-66
9,473,2,1,-62
9,518,1,2,-66
9,474,2,1,-63
9,519,1,2,-66
9,475,2,1,-62
9,520,1,2,-64
9,476,2,1,-61
9,521,1,2,-63
9,477,2,1,-60
9,522,1,2,-61
9,523,1,2,-62
9,478,2,1,-60
9,524,1,2,-64
9,479,2,1,-61
9,525,1,2,-65
9,480,2,1,-62
9,526,1,2,-64
9,481,2,1,-62
9,527,1,2,-70
9,482,2,1,-66
9,528,1,2,-64
9,483,2,1,-62
9,529,1,2,-62
9,484,2,1,-60
9,530,1,2,-64
9,485,2,1,-62
9,531,1,2,-65
9,486,2,1,-62
9,532,1,2,-62
9,487,2,1,-60
9,533,1,2,-62
9,488,2,1,-60
9,534,1,2,-63
9,489,2,1,-58
9,535,1,2,-62
9,490,2,1,-60
9,536,1,2,-62
9,491,2,1,-60
9,537,1,2,-60
9,492,2,1,-55
9,538,1,2,-60
9,493,2,1,-55
9,539,1,2,-70
9,540,1,2,-64
9,494,2,1,-66
9,541,1,2,-64
9,495,2,1,-60
9,542,1,2,-63
9,543,1,2,-62
9,496,2,1,-61
9,544,1,2,-65
9,497,2,1,-62
9,545,1,2,-62
9,498,2,1,-60
9,546,1,2,-68
9,499,2,1,-65
9,547,1,2,-63
9,500,2,1,-60
9,548,1,2,-64
9,501,2,1,-62
9,549,1,2,-66
9,502,2,1,-62
9,550,1,2,-67
9,503,2,1,-64
9,551,1,2,-64
9,504,2,1,-60
9,552,1,2,-63
9,505,2,1,-60
9,553,1,2,-68
9,506,2,1,-66
9,554,1,2,-67
9,507,2,1,-65
9,555,1,2,-67
9,508,2,1,-66
9,556,1,2,-66
9,509,2,1,-66
9,557,1,2,-65
9,510,2,1,-62
9,558,1,2,-64
9,511,2,1,-63
9,559,1,2,-69
9,512,2,1,-66
9,560,1,2,-71
9,513,2,1,-67
9,561,1,2,-70
9,514,2,1,-66
9,562,1,2,-66
9,515,2,1,-64
9,563,1,2,-66
9,516,2,1,-63
9,564,1,2,-70
9,517,2,1,-66
9,565,1,2,-66
9,518,2,1,-63
9,566,1,2,-63
9,519,2,1,-60
9,567,1,2,-65
9,520,2,1,-61
9,568,1,2,-61
9,521,2,1,-56
9,569,1,2,-66
9,522,2,1,-64
9,570,1,2,-66
9,523,2,1,-63
9,571,1,2,-62
9,524,2,1,-58
9,572,1,2,-60
9,573,1,2,-60
9,525,2,1,-55
9,574,1,2,-64
9,526,2,1,-60
9,575,1,2,-60
9,527,2,1,-54
9,576,1,2,-61
9,528,2,1,-56
9,577,1,2,-60
9,578,1,2,-66
9,529,2,1,-62
9,579,1,2,-58
9,530,2,1,-58
9,580,1,2,-59
9,531,2,1,-58
9,581,1,2,-55
9,532,2,1,-57
9,582,1,2,-59
9,533,2,1,-59
9,583,1,2,-59
9,534,2,1,-58
9,584,1,2,-62
9,535,2,1,-59
9,585,1,2,-62
9,536,2,1,-56
9,586,1,2,-62
9,537,2,1,-57
9,587,1,2,-66
9,538,2,1,-60
9,588,1,2,-64
9,539,2,1,-62
9,589,1,2,-68
9,540,2,1,-64
9,590,1,2,-64
9,541,2,1,-62
9,591,1,2,-64
9,542,2,1,-61
9,592,1,2,-66
9,543,2,1,-62
9,593,1,2,-68
9,544,2,1,-64
9,594,1,2,-68
9,545,2,1,-64
9,595,1,2,-66
9,546,2,1,-62
9,596,1,2,-62
9,547,2,1,-56
9,597,1,2,-64
9,548,2,1,-61
9,598,1,2,-64
9,549,2,1,-60
9,599,1,2,-67
9,550,2,1,-64
9,600,1,2,-64
9,551,2,1,-60
9,601,1,2,-65
9,552,2,1,-62
9,602,1,2,-62
9,553,2,1,-60
9,603,1,2,-62
9,554,2,1,-56
9,604,1,2,-64
9,555,2,1,-60
9,605,1,2,-64
9,556,2,1,-60
9,606,1,2,-62
9,557,2,1,-56
9,607,1,2,-63
9,558,2,1,-59
9,608,1,2,-61
9,559,2,1,-55
9,609,1,2,-63
9,610,1,2,-62
9,560,2,1,-60
9,611,1,2,-65
9,561,2,1,-61
9,612,1,2,-63
9,562,2,1,-60
9,613,1,2,-62
9,563,2,1,-58
9,614,1,2,-66
9,564,2,1,-62
9,615,1,2,-67
9,565,2,1,-62
9,616,1,2,-66
9,566,2,1,-61
9,617,1,2,-62
9,567,2,1,-60
9,618,1,2,-62
9,568,2,1,-56
9,619,1,2,-60
9,569,2,1,-56
9,620,1,2,-62
9,570,2,1,-59
9,621,1,2,-62
9,571,2,1,-59
9,622,1,2,-64
9,572,2,1,-61
9,623,1,2,-64
9,573,2,1,-60
9,624,1,2,-64
9,574,2,1,-60
9,625,1,2,-63
9,575,2,1,-60
9,626,1,2,-62
9,576,2,1,-60
9,627,1,2,-66
9,577,2,1,-64
9,628,1,2,-64
9,629,1,2,-64
9,578,2,1,-62
9,630,1,2,-66
9,579,2,1,-62
9,631,1,2,-62
9,580,2,1,-60
9,632,1,2,-72
9,581,2,1,-68
9,633,1,2,-68
9,582,2,1,-64
9,634,1,2,-66
9,583,2,1,-63
9,635,1,2,-62
9,584,2,1,-61
9,636,1,2,-63
9,585,2,1,-60
9,637,1,2,-63
9,586,2,1,-60
9,638,1,2,-70
9,587,2,1,-66
9,639,1,2,-66
9,588,2,1,-62
9,640,1,2,-64
9,589,2,1,-62
9,641,1,2,-66
9,590,2,1,-64
9,642,1,2,-63
9,643,1,2,-67
9,591,2,1,-64
9,644,1,2,-64
9,592,2,1,-61
9,645,1,2,-64
9,593,2,1,-62
9,646,1,2,-70
9,594,2,1,-64
9,647,1,2,-68
9,595,2,1,-63
9,648,1,2,-64
9,596,2,1,-62
9,649,1,2,-73
9,650,1,2,-64
9,597,2,1,-62
9,651,1,2,-66
9,598,2,1,-62
9,652,1,2,-64
9,599,2,1,-61
9,653,1,2,-66
9,600,2,1,-63
9,654,1,2,-65
9,601,2,1,-61
9,655,1,2,-64
9,602,2,1,-61
9,656,1,2,-64
9,657,1,2,-62
9,603,2,1,-59
9,658,1,2,-67
9,604,2,1,-64
9,659,1,2,-64
9,605,2,1,-62
9,660,1,2,-69
9,661,1,2,-66
9,606,2,1,-64
9,662,1,2,-62
9,607,2,1,-57
9,663,1,2,-60
9,608,2,1,-56
9,664,1,2,-64
9,609,2,1,-62
9,665,1,2,-64
9,610,2,1,-61
9,666,1,2,-63
9,611,2,1,-60
9,667,1,2,-64
9,612,2,1,-60
9,668,1,2,-62
9,613,2,1,-60
9,669,1,2,-64
9,614,2,1,-62
9,670,1,2,-70
9,615,2,1,-68
9,671,1,2,-68
9,616,2,1,-66
9,672,1,2,-66
9,617,2,1,-64
9,673,1,2,-66
9,618,2,1,-64
9,674,1,2,-63
9,619,2,1,-61
9,675,1,2,-64
9,676,1,2,-64
9,677,1,2,-65
9,678,1,2,-64
9,620,2,1,-61
9,679,1,2,-62
9,621,2,1,-60
9,680,1,2,-62
9,622,2,1,-58
9,681,1,2,-62
9,682,1,2,-62
9,623,2,1,-60
9,683,1,2,-62
9,624,2,1,-60
9,684,1,2,-63
9,625,2,1,-62
9,685,1,2,-63
9,626,2,1,-61
9,686,1,2,-64
9,627,2,1,-62
9,687,1,2,-64
9,628,2,1,-62
9,688,1,2,-66
9,629,2,1,-64
9,689,1,2,-67
9,690,1,2,-65
9,630,2,1,-63
9,691,1,2,-64
9,631,2,1,-60
9,692,1,2,-62
9,632,2,1,-57
9,693,1,2,-62
9,633,2,1,-59
9,694,1,2,-64
9,634,2,1,-61
9,695,1,2,-67
9,635,2,1,-64
9,696,1,2,-66
9,636,2,1,-64
9,697,1,2,-64
9,637,2,1,-62
9,698,1,2,-66
9,638,2,1,-63
9,699,1,2,-67
9,639,2,1,-62
9,700,1,2,-65
9,640,2,1,-62
9,701,1,2,-66
9,641,2,1,-62
9,702,1,2,-65
9,642,2,1,-61
9,703,1,2,-63
9,643,2,1,-60
9,704,1,2,-64
9,644,2,1,-62
9,705,1,2,-63
9,706,1,2,-64
9,645,2,1,-62
9,707,1,2,-68
9,646,2,1,-65
9,708,1,2,-68
9,709,1,2,-66
9,710,1,2,-66
9,647,2,1,-62
9,711,1,2,-64
9,648,2,1,-60
9,712,1,2,-64
9,713,1,2,-64
9,649,2,1,-62
9,714,1,2,-63
9,715,1,2,-64
9,650,2,1,-60
9,716,1,2,-64
9,651,2,1,-61
9,717,1,2,-68
9,652,2,1,-64
9,718,1,2,-66
9,653,2,1,-63
9,719,1,2,-68
9,720,1,2,-69
9,654,2,1,-65
9,721,1,2,-67
9,655,2,1,-65
9,722,1,2,-68
9,656,2,1,-64
9,723,1,2,-68
9,657,2,1,-66
9,724,1,2,-68
9,658,2,1,-64
9,725,1,2,-66
9,659,2,1,-62
9,726,1,2,-66
9,660,2,1,-64
9,727,1,2,-66
9,661,2,1,-64
9,728,1,2,-68
9,662,2,1,-64
9,729,1,2,-66
9,663,2,1,-62
9,730,1,2,-68
9,664,2,1,-65
9,731,1,2,-64
9,665,2,1,-61
9,732,1,2,-66
9,666,2,1,-63
9,733,1,2,-62
9,667,2,1,-59
9,734,1,2,-64
9,668,2,1,-62
9,735,1,2,-62
9,669,2,1,-60
9,736,1,2,-66
9,670,2,1,-64
9,737,1,2,-65
9,671,2,1,-62
9,738,1,2,-64
9,672,2,1,-61
9,739,1,2,-64
9,673,2,1,-62
9,740,1,2,-65
9,674,2,1,-62
9,741,1,2,-66
9,675,2,1,-63
9,742,1,2,-63
9,676,2,1,-60
9,743,1,2,-68
9,677,2,1,-64
9,744,1,2,-63
9,678,2,1,-59
9,745,1,2,-63
9,679,2,1,-60
9,746,1,2,-62
9,747,1,2,-66
9,680,2,1,-64
9,748,1,2,-64
9,681,2,1,-60
9,749,1,2,-66
9,682,2,1,-63
9,750,1,2,-63
9,683,2,1,-59
9,751,1,2,-62
9,684,2,1,-59
9,752,1,2,-67
9,685,2,1,-64
9,753,1,2,-60
9,686,2,1,-55
9,754,1,2,-65
9,687,2,1,-61
9,755,1,2,-65
9,756,1,2,-64
9,688,2,1,-60
9,757,1,2,-64
9,689,2,1,-60
9,758,1,2,-66
9,690,2,1,-63
9,759,1,2,-62
9,691,2,1,-60
9,760,1,2,-65
9,692,2,1,-62
9,761,1,2,-69
9,693,2,1,-64
9,762,1,2,-66
9,694,2,1,-61
9,763,1,2,-63
9,695,2,1,-58
9,764,1,2,-66
9,696,2,1,-62
9,765,1,2,-63
9,697,2,1,-60
9,766,1,2,-62
9,698,2,1,-59
9,767,1,2,-64
9,768,1,2,-64
9,699,2,1,-61
9,769,1,2,-66
9,700,2,1,-62
9,770,1,2,-62
9,701,2,1,-60
9,771,1,2,-62
9,702,2,1,-56
9,772,1,2,-66
9,703,2,1,-63
9,773,1,2,-64
9,704,2,1,-60
9,774,1,2,-60
9,705,2,1,-55
9,775,1,2,-66
9,706,2,1,-61
9,776,1,2,-60
9,707,2,1,-59
9,777,1,2,-60
9,708,2,1,-54
9,778,1,2,-60
9,709,2,1,-54
9,779,1,2,-62
9,710,2,1,-58
9,780,1,2,-64
9,711,2,1,-61
9,781,1,2,-63
9,712,2,1,-60
9,782,1,2,-62
9,713,2,1,-58
9,783,1,2,-63
9,714,2,1,-60
9,784,1,2,-62
9,715,2,1,-59
9,785,1,2,-60
9,716,2,1,-59
9,786,1,2,-59
9,717,2,1,-59
9,787,1,2,-56
9,718,2,1,-58
9,788,1,2,-60
9,719,2,1,-59
9,789,1,2,-60
9,720,2,1,-59
9,790,1,2,-60
9,721,2,1,-60
9,791,1,2,-61
9,722,2,1,-56
9,792,1,2,-62
9,793,1,2,-64
9,794,1,2,-64
9,723,2,1,-60
9,795,1,2,-63
9,796,1,2,-62
9,724,2,1,-59
9,797,1,2,-64
9,725,2,1,-60
9,798,1,2,-62
9,726,2,1,-59
9,799,1,2,-60
9,727,2,1,-59
9,800,1,2,-61
9,728,2,1,-56
9,801,1,2,-62
9,729,2,1,-56
9,802,1,2,-64
9,730,2,1,-61
9,803,1,2,-65
9,731,2,1,-62
9,804,1,2,-64
9,732,2,1,-61
9,805,1,2,-64
9,733,2,1,-59
9,806,1,2,-62
9,734,2,1,-59
9,807,1,2,-66
9,735,2,1,-62
9,808,1,2,-64
9,736,2,1,-60
9,809,1,2,-62
9,737,2,1,-57
9,810,1,2,-61
9,738,2,1,-55
9,811,1,2,-64
9,739,2,1,-60
9,812,1,2,-62
9,740,2,1,-58
9,813,1,2,-60
9,741,2,1,-55
9,814,1,2,-62
9,742,2,1,-57
9,815,1,2,-64
9,743,2,1,-63
9,816,1,2,-63
9,744,2,1,-60
9,817,1,2,-60
9,745,2,1,-54
9,818,1,2,-61
9,746,2,1,-56
9,819,1,2,-62
9,747,2,1,-60
9,820,1,2,-64
9,748,2,1,-60
9,821,1,2,-62
9,749,2,1,-60
9,822,1,2,-62
9,823,1,2,-62
9,750,2,1,-60
9,824,1,2,-64
9,751,2,1,-60
9,825,1,2,-63
9,752,2,1,-60
9,826,1,2,-62
9,753,2,1,-59
9,827,1,2,-62
9,754,2,1,-57
9,828,1,2,-62
9,755,2,1,-57
9,829,1,2,-64
9,756,2,1,-60
9,830,1,2,-63
9,757,2,1,-60
9,831,1,2,-66
9,758,2,1,-62
9,832,1,2,-62
9,759,2,1,-56
9,833,1,2,-66
9,834,1,2,-66
9,760,2,1,-62
9,835,1,2,-65
9,761,2,1,-62
9,836,1,2,-63
9,762,2,1,-60
9,837,1,2,-64
9,763,2,1,-60
9,838,1,2,-64
9,839,1,2,-64
9,764,2,1,-62
9,840,1,2,-66
9,765,2,1,-64
9,841,1,2,-68
9,766,2,1,-65
9,842,1,2,-68
9,767,2,1,-64
9,843,1,2,-71
9,768,2,1,-68
9,844,1,2,-62
9,769,2,1,-59
9,845,1,2,-62
9,846,1,2,-62
9,770,2,1,-56
9,847,1,2,-62
9,771,2,1,-57
9,848,1,2,-64
9,849,1,2,-64
9,772,2,1,-60
9,850,1,2,-63
9,773,2,1,-60
9,851,1,2,-62
9,774,2,1,-58
9,852,1,2,-62
9,775,2,1,-60
9,853,1,2,-64
9,776,2,1,-60
9,854,1,2,-62
9,777,2,1,-60
9,855,1,2,-64
9,778,2,1,-60
9,856,1,2,-62
9,779,2,1,-59
9,857,1,2,-64
9,780,2,1,-62
9,858,1,2,-64
9,781,2,1,-60
9,859,1,2,-64
9,782,2,1,-61
9,860,1,2,-66
9,783,2,1,-62
9,861,1,2,-66
9,784,2,1,-62
9,862,1,2,-62
9,863,1,2,-64
9,785,2,1,-60
9,864,1,2,-64
9,786,2,1,-61
9,865,1,2,-66
9,787,2,1,-62
9,866,1,2,-68
9,788,2,1,-65
9,867,1,2,-67
9,789,2,1,-63
9,868,1,2,-66
9,790,2,1,-63
9,869,1,2,-66
9,870,1,2,-66
9,871,1,2,-67
9,791,2,1,-63
9,872,1,2,-66
9,792,2,1,-63
9,873,1,2,-66
9,793,2,1,-63
9,874,1,2,-66
9,794,2,1,-62
9,875,1,2,-64
9,795,2,1,-60
9,876,1,2,-64
9,796,2,1,-60
9,877,1,2,-66
9,797,2,1,-62
9,878,1,2,-64
9,798,2,1,-61
9,879,1,2,-66
9,799,2,1,-63
9,880,1,2,-64
9,800,2,1,-60
9,881,1,2,-66
9,801,2,1,-62
9,882,1,2,-66
9,802,2,1,-62
9,883,1,2,-64
9,803,2,1,-62
9,884,1,2,-64
9,804,2,1,-60
9,885,1,2,-66
9,886,1,2,-63
9,805,2,1,-60
9,887,1,2,-66
9,806,2,1,-63
9,888,1,2,-69
9,807,2,1,-66
9,889,1,2,-68
9,808,2,1,-64
9,890,1,2,-70
9,809,2,1,-65
9,891,1,2,-64
9,810,2,1,-61
9,892,1,2,-63
9,811,2,1,-60
9,893,1,2,-64
9,812,2,1,-60
9,894,1,2,-62
9,895,1,2,-66
9,813,2,1,-62
9,896,1,2,-62
9,814,2,1,-56
9,897,1,2,-64
9,815,2,1,-61
9,898,1,2,-62
9,816,2,1,-59
9,899,1,2,-63
9,817,2,1,-60
9,900,1,2,-64
9,818,2,1,-61
9,901,1,2,-66
9,819,2,1,-62
9,902,1,2,-66
9,820,2,1,-63
9,903,1,2,-65
9,821,2,1,-62
9,904,1,2,-65
9,822,2,1,-62
9,905,1,2,-63
9,823,2,1,-61
9,906,1,2,-65
9,824,2,1,-61
9,907,1,2,-65
9,825,2,1,-62
9,908,1,2,-64
9,826,2,1,-60
9,909,1,2,-63
9,827,2,1,-60
9,910,1,2,-64
9,828,2,1,-60
9,911,1,2,-62
9,829,2,1,-58
9,912,1,2,-63
9,830,2,1,-60
9,913,1,2,-62
9,831,2,1,-60
9,914,1,2,-64
9,832,2,1,-62
9,915,1,2,-66
9,833,2,1,-63
9,916,1,2,-64
9,917,1,2,-67
9,834,2,1,-64
9,918,1,2,-65
9,919,1,2,-64
9,835,2,1,-61
9,920,1,2,-66
9,836,2,1,-62
9,921,1,2,-66
9,922,1,2,-62
9,837,2,1,-59
9,923,1,2,-66
9,838,2,1,-62
9,924,1,2,-64
9,839,2,1,-61
9,925,1,2,-62
9,926,1,2,-64
9,840,2,1,-60
9,927,1,2,-62
9,841,2,1,-58
9,928,1,2,-61
9,842,2,1,-58
9,929,1,2,-61
9,843,2,1,-56
9,930,1,2,-62
9,931,1,2,-65
9,844,2,1,-61
9,932,1,2,-68
9,845,2,1,-64
9,933,1,2,-64
9,846,2,1,-60
9,934,1,2,-66
9,847,2,1,-62
9,935,1,2,-62
9,848,2,1,-58
9,936,1,2,-64
9,849,2,1,-61
9,937,1,2,-62
9,850,2,1,-57
9,938,1,2,-62
9,851,2,1,-56
9,939,1,2,-60
9,852,2,1,-56
9,940,1,2,-62
9,853,2,1,-58
9,941,1,2,-64
9,854,2,1,-60
9,942,1,2,-66
9,855,2,1,-63
9,943,1,2,-62
9,856,2,1,-60
9,944,1,2,-64
9,857,2,1,-60
9,945,1,2,-64
9,858,2,1,-62
9,946,1,2,-66
9,859,2,1,-62
9,947,1,2,-64
9,948,1,2,-64
9,860,2,1,-60
9,949,1,2,-66
9,861,2,1,-62
9,950,1,2,-65
9,862,2,1,-62
9,951,1,2,-64
9,863,2,1,-61
9,952,1,2,-60
9,864,2,1,-59
9,953,1,2,-60
9,865,2,1,-54
9,954,1,2,-62
9,866,2,1,-59
9,955,1,2,-62
9,867,2,1,-56
9,956,1,2,-66
9,868,2,1,-65
9,957,1,2,-58
9,869,2,1,-58
9,958,1,2,-60
9,870,2,1,-55
9,959,1,2,-60
9,871,2,1,-58
9,960,1,2,-63
9,872,2,1,-60
9,961,1,2,-62
9,873,2,1,-58
9,962,1,2,-62
9,874,2,1,-60
9,963,1,2,-61
9,875,2,1,-58
9,964,1,2,-64
9,876,2,1,-62
9,965,1,2,-61
9,877,2,1,-58
9,966,1,2,-66
9,878,2,1,-63
9,967,1,2,-66
9,879,2,1,-62
9,968,1,2,-63
9,880,2,1,-60
9,969,1,2,-67
9,881,2,1,-64
9,970,1,2,-63
9,882,2,1,-59
9,971,1,2,-62
9,883,2,1,-56
9,972,1,2,-64
9,884,2,1,-59
9,973,1,2,-62
9,885,2,1,-56
9,974,1,2,-60
9,886,2,1,-55
9,975,1,2,-61
9,887,2,1,-58
9,976,1,2,-62
9,888,2,1,-60
9,977,1,2,-62
9,889,2,1,-56
9,978,1,2,-60
9,890,2,1,-54
9,979,1,2,-61
9,891,2,1,-56
9,980,1,2,-62
