4,0,1,2,-52
4,0,2,1,-49
4,1,1,2,-54
4,1,2,1,-52
4,2,1,2,-53
4,2,2,1,-51
4,3,1,2,-51
4,3,2,1,-45
4,4,1,2,-49
4,4,2,1,-46
4,5,1,2,-50
4,5,2,1,-45
4,6,1,2,-51
4,6,2,1,-47
4,7,1,2,-51
4,7,2,1,-47
4,8,1,2,-48
4,8,2,1,-45
4,9,1,2,-50
4,9,2,1,-45
4,10,1,2,-50
4,10,2,1,-46
4,11,1,2,-48
4,11,2,1,-45
4,12,1,2,-48
4,12,2,1,-46
4,13,1,2,-47
4,13,2,1,-46
4,14,1,2,-51
4,14,2,1,-45
4,15,1,2,-49
4,15,2,1,-44
4,16,1,2,-49
4,16,2,1,-45
4,17,1,2,-52
4,17,2,1,-49
4,18,1,2,-51
4,18,2,1,-45
4,19,1,2,-49
4,19,2,1,-43
4,20,1,2,-46
4,20,2,1,-45
4,21,1,2,-54
4,21,2,1,-52
4,22,1,2,-54
4,22,2,1,-52
4,23,1,2,-49
4,23,2,1,-46
4,24,1,2,-47
4,24,2,1,-49
4,25,1,2,-51
4,25,2,1,-48
4,26,1,2,-50
4,26,2,1,-43
4,27,1,2,-45
4,27,2,1,-42
4,28,1,2,-49
4,28,2,1,-43
4,29,1,2,-45
4,29,2,1,-43
4,30,1,2,-51
4,30,2,1,-45
4,31,1,2,-53
4,31,2,1,-51
4,32,1,2,-53
4,32,2,1,-49
4,33,1,2,-46
4,33,2,1,-43
4,33,2,1,-43
4,34,1,2,-50
4,34,2,1,-45
4,35,1,2,-52
4,35,2,1,-49
4,36,1,2,-55
4,36,2,1,-53
4,37,1,2,-53
4,37,2,1,-49
4,38,1,2,-49
4,38,2,1,-43
4,39,1,2,-45
4,39,2,1,-43
4,40,1,2,-55
4,40,2,1,-53
4,41,1,2,-53
4,41,2,1,-57
4,42,1,2,-54
4,42,2,1,-47
4,43,1,2,-55
4,43,2,1,-53
4,44,1,2,-56
4,44,2,1,-55
4,45,1,2,-53
4,45,2,1,-51
4,46,1,2,-52
4,46,2,1,-47
4,47,1,2,-49
4,47,2,1,-45
4,48,1,2,-55
4,48,2,1,-57
4,49,1,2,-60
4,49,2,1,-59
4,50,1,2,-51
4,50,2,1,-45
4,51,1,2,-45
4,51,2,1,-43
4,52,1,2,-45
4,52,2,1,-42
4,53,1,2,-45
4,54,1,2,-45
4,53,2,1,-42
4,55,1,2,-49
4,54,2,1,-43
4,56,1,2,-47
4,55,2,1,-44
4,57,1,2,-51
4,56,2,1,-45
4,58,1,2,-47
4,57,2,1,-45
4,59,1,2,-47
4,58,2,1,-45
4,60,1,2,-53
4,59,2,1,-51
4,61,1,2,-53
4,60,2,1,-52
4,62,1,2,-55
4,61,2,1,-55
4,63,1,2,-55
4,62,2,1,-53
4,64,1,2,-51
4,63,2,1,-46
4,65,1,2,-49
4,64,2,1,-47
4,66,1,2,-53
4,65,2,1,-51
4,67,1,2,-54
4,66,2,1,-51
4,68,1,2,-53
4,67,2,1,-51
4,69,1,2,-52
4,68,2,1,-48
4,70,1,2,-56
4,69,2,1,-56
4,71,1,2,-54
4,70,2,1,-56
4,72,1,2,-55
4,71,2,1,-53
4,73,1,2,-56
4,72,2,1,-55
4,74,1,2,-54
4,73,2,1,-58
4,75,1,2,-54
4,74,2,1,-51
4,76,1,2,-54
4,75,2,1,-51
4,77,1,2,-49
4,76,2,1,-49
4,78,1,2,-51
4,77,2,1,-46
4,79,1,2,-51
4,78,2,1,-49
4,80,1,2,-54
4,79,2,1,-58
4,81,1,2,-56
4,80,2,1,-53
4,82,1,2,-52
4,81,2,1,-53
4,83,1,2,-55
4,82,2,1,-51
4,84,1,2,-48
4,83,2,1,-46
4,85,1,2,-50
4,84,2,1,-46
4,86,1,2,-49
4,85,2,1,-44
4,87,1,2,-51
4,86,2,1,-45
4,88,1,2,-51
4,87,2,1,-47
4,89,1,2,-51
4,88,2,1,-46
4,90,1,2,-51
4,89,2,1,-47
4,91,1,2,-49
4,90,2,1,-47
4,92,1,2,-52
4,91,2,1,-47
4,93,1,2,-45
4,92,2,1,-43
4,94,1,2,-51
4,93,2,1,-47
4,95,1,2,-51
4,94,2,1,-46
4,96,1,2,-52
4,95,2,1,-50
4,97,1,2,-52
4,96,2,1,-48
4,98,1,2,-51
4,97,2,1,-48
4,99,1,2,-51
4,98,2,1,-46
4,100,1,2,-51
4,99,2,1,-46
4,101,1,2,-53
4,100,2,1,-51
4,102,1,2,-53
4,101,2,1,-51
4,103,1,2,-57
4,102,2,1,-56
4,104,1,2,-57
4,103,2,1,-57
4,105,1,2,-52
4,104,2,1,-53
4,106,1,2,-54
4,105,2,1,-52
4,107,1,2,-54
4,106,2,1,-53
4,108,1,2,-55
4,107,2,1,-53
4,109,1,2,-53
4,108,2,1,-51
4,110,1,2,-53
4,109,2,1,-52
4,111,1,2,-52
4,110,2,1,-48
4,112,1,2,-56
4,111,2,1,-54
4,113,1,2,-54
4,112,2,1,-53
4,114,1,2,-55
4,113,2,1,-55
4,115,1,2,-56
4,114,2,1,-54
4,116,1,2,-55
4,115,2,1,-53
4,117,1,2,-54
4,116,2,1,-53
4,118,1,2,-53
4,117,2,1,-53
4,119,1,2,-54
4,118,2,1,-52
4,120,1,2,-53
4,119,2,1,-51
4,121,1,2,-54
4,120,2,1,-52
4,122,1,2,-55
4,121,2,1,-52
4,123,1,2,-55
4,122,2,1,-53
4,124,1,2,-54
4,123,2,1,-52
4,125,1,2,-53
4,124,2,1,-49
4,126,1,2,-55
4,125,2,1,-53
4,127,1,2,-53
4,126,2,1,-49
4,128,1,2,-54
4,127,2,1,-52
4,129,1,2,-53
4,128,2,1,-49
4,130,1,2,-52
4,129,2,1,-50
4,131,1,2,-55
4,130,2,1,-52
4,132,1,2,-53
4,131,2,1,-49
4,133,1,2,-53
4,132,2,1,-49
4,134,1,2,-53
4,133,2,1,-52
4,135,1,2,-53
4,134,2,1,-51
4,136,1,2,-52
4,135,2,1,-51
4,137,1,2,-52
4,136,2,1,-50
4,138,1,2,-55
4,137,2,1,-53
4,139,1,2,-53
4,138,2,1,-50
4,140,1,2,-54
4,139,2,1,-52
4,141,1,2,-57
4,140,2,1,-55
4,142,1,2,-57
4,141,2,1,-56
4,143,1,2,-58
4,142,2,1,-55
4,144,1,2,-54
4,143,2,1,-56
4,145,1,2,-54
4,144,2,1,-51
4,146,1,2,-55
4,145,2,1,-55
4,147,1,2,-55
4,146,2,1,-54
4,148,1,2,-53
4,147,2,1,-51
4,149,1,2,-53
4,148,2,1,-50
4,150,1,2,-53
4,149,2,1,-49
4,151,1,2,-53
4,150,2,1,-52
4,152,1,2,-53
4,151,2,1,-49
4,153,1,2,-54
4,152,2,1,-52
4,154,1,2,-55
4,153,2,1,-52
4,155,1,2,-55
4,154,2,1,-52
4,156,1,2,-54
4,155,2,1,-53
4,157,1,2,-55
4,156,2,1,-52
4,158,1,2,-56
4,157,2,1,-54
4,159,1,2,-55
4,158,2,1,-52
4,160,1,2,-55
4,159,2,1,-52
4,161,1,2,-55
4,160,2,1,-54
4,162,1,2,-55
4,161,2,1,-53
4,163,1,2,-55
4,162,2,1,-53
4,164,1,2,-55
4,163,2,1,-53
4,165,1,2,-54
4,164,2,1,-53
4,166,1,2,-53
4,167,1,2,-53
4,165,2,1,-49
4,168,1,2,-54
4,166,2,1,-50
4,169,1,2,-54
4,167,2,1,-52
4,170,1,2,-54
4,168,2,1,-51
4,171,1,2,-55
4,169,2,1,-52
4,172,1,2,-53
4,170,2,1,-52
4,173,1,2,-53
4,171,2,1,-51
4,174,1,2,-51
4,172,2,1,-46
4,175,1,2,-50
4,173,2,1,-46
4,176,1,2,-50
4,174,2,1,-45
4,177,1,2,-49
4,175,2,1,-49
4,178,1,2,-50
4,176,2,1,-46
4,179,1,2,-51
4,180,1,2,-47
4,177,2,1,-45
4,181,1,2,-54
4,178,2,1,-52
4,182,1,2,-54
4,179,2,1,-52
4,183,1,2,-50
4,180,2,1,-44
4,184,1,2,-46
4,181,2,1,-44
4,185,1,2,-49
4,182,2,1,-43
4,186,1,2,-45
4,183,2,1,-43
4,187,1,2,-45
4,184,2,1,-43
4,188,1,2,-45
4,185,2,1,-43
4,189,1,2,-46
4,186,2,1,-44
4,190,1,2,-44
4,187,2,1,-41
4,191,1,2,-44
4,188,2,1,-42
4,192,1,2,-43
4,189,2,1,-41
4,193,1,2,-43
4,190,2,1,-41
4,194,1,2,-45
4,191,2,1,-42
4,195,1,2,-49
4,192,2,1,-44
4,196,1,2,-50
4,193,2,1,-46
4,197,1,2,-51
4,194,2,1,-46
4,198,1,2,-51
4,195,2,1,-48
4,199,1,2,-53
4,196,2,1,-48
4,200,1,2,-51
4,197,2,1,-46
4,201,1,2,-47
4,198,2,1,-46
4,202,1,2,-51
4,199,2,1,-46
4,203,1,2,-49
4,200,2,1,-44
4,204,1,2,-43
4,201,2,1,-42
4,205,1,2,-45
4,202,2,1,-43
4,206,1,2,-50
4,203,2,1,-45
4,207,1,2,-43
4,204,2,1,-41
4,208,1,2,-43
4,205,2,1,-42
4,209,1,2,-45
4,206,2,1,-43
4,210,1,2,-47
4,207,2,1,-46
4,211,1,2,-46
4,208,2,1,-44
4,212,1,2,-46
4,209,2,1,-45
4,213,1,2,-46
4,210,2,1,-43
4,214,1,2,-49
4,211,2,1,-45
4,215,1,2,-55
4,212,2,1,-54
4,216,1,2,-51
4,213,2,1,-46
4,217,1,2,-47
4,214,2,1,-45
4,218,1,2,-49
4,215,2,1,-43
4,219,1,2,-46
4,216,2,1,-43
4,220,1,2,-49
4,217,2,1,-43
4,221,1,2,-49
4,218,2,1,-44
4,222,1,2,-47
4,219,2,1,-46
4,223,1,2,-51
4,220,2,1,-47
4,224,1,2,-51
4,221,2,1,-47
4,225,1,2,-51
4,222,2,1,-47
4,226,1,2,-52
4,223,2,1,-47
4,227,1,2,-49
4,224,2,1,-44
4,228,1,2,-49
4,225,2,1,-45
4,229,1,2,-47
4,226,2,1,-45
4,230,1,2,-46
4,227,2,1,-43
4,231,1,2,-49
4,228,2,1,-43
4,232,1,2,-49
4,229,2,1,-45
4,233,1,2,-49
4,230,2,1,-46
4,234,1,2,-53
4,231,2,1,-50
4,235,1,2,-51
4,232,2,1,-45
4,236,1,2,-50
4,233,2,1,-46
4,237,1,2,-51
4,234,2,1,-45
4,238,1,2,-49
4,235,2,1,-44
4,239,1,2,-49
4,236,2,1,-43
4,240,1,2,-46
4,237,2,1,-44
4,241,1,2,-50
4,238,2,1,-46
4,242,1,2,-49
4,239,2,1,-45
4,243,1,2,-50
4,240,2,1,-46
4,244,1,2,-46
4,241,2,1,-44
4,245,1,2,-49
4,242,2,1,-44
4,246,1,2,-47
4,243,2,1,-44
4,247,1,2,-51
4,244,2,1,-45
4,248,1,2,-50
4,245,2,1,-45
4,249,1,2,-47
4,246,2,1,-47
4,250,1,2,-50
4,247,2,1,-46
4,251,1,2,-50
4,248,2,1,-46
4,252,1,2,-49
4,249,2,1,-45
4,253,1,2,-47
4,250,2,1,-44
4,254,1,2,-49
4,251,2,1,-45
4,255,1,2,-51
4,252,2,1,-45
4,256,1,2,-50
4,253,2,1,-46
4,257,1,2,-51
4,254,2,1,-45
4,258,1,2,-47
4,255,2,1,-46
4,259,1,2,-46
4,256,2,1,-44
4,260,1,2,-49
4,257,2,1,-44
4,261,1,2,-45
4,258,2,1,-43
4,262,1,2,-45
4,259,2,1,-43
4,263,1,2,-45
4,260,2,1,-43
4,264,1,2,-49
4,261,2,1,-44
4,265,1,2,-49
4,262,2,1,-44
4,266,1,2,-47
4,263,2,1,-45
4,267,1,2,-52
4,264,2,1,-50
4,268,1,2,-53
4,265,2,1,-50
4,269,1,2,-53
4,266,2,1,-52
4,270,1,2,-53
4,267,2,1,-52
4,271,1,2,-53
4,268,2,1,-50
4,272,1,2,-50
4,269,2,1,-46
4,273,1,2,-54
4,270,2,1,-51
4,274,1,2,-49
4,271,2,1,-44
4,275,1,2,-52
4,272,2,1,-51
4,276,1,2,-47
4,273,2,1,-43
4,277,1,2,-45
4,274,2,1,-42
4,278,1,2,-45
4,275,2,1,-41
4,279,1,2,-43
4,276,2,1,-41
4,280,1,2,-47
4,277,2,1,-45
4,281,1,2,-43
4,278,2,1,-42
4,282,1,2,-44
4,279,2,1,-41
4,283,1,2,-45
4,280,2,1,-42
4,284,1,2,-49
4,281,2,1,-44
4,285,1,2,-46
4,282,2,1,-43
4,286,1,2,-49
4,283,2,1,-44
4,287,1,2,-50
4,284,2,1,-46
4,288,1,2,-48
4,285,2,1,-46
4,289,1,2,-55
4,286,2,1,-52
4,290,1,2,-50
4,287,2,1,-44
4,291,1,2,-50
4,288,2,1,-47
4,292,1,2,-54
4,289,2,1,-50
4,293,1,2,-49
4,290,2,1,-46
4,294,1,2,-56
4,291,2,1,-54
4,295,1,2,-52
4,292,2,1,-46
4,296,1,2,-52
4,293,2,1,-49
4,297,1,2,-52
4,294,2,1,-51
4,298,1,2,-49
4,295,2,1,-43
4,299,1,2,-46
4,296,2,1,-44
4,300,1,2,-51
4,297,2,1,-45
4,301,1,2,-50
4,298,2,1,-45
4,302,1,2,-45
4,299,2,1,-43
4,303,1,2,-50
4,300,2,1,-46
4,304,1,2,-46
4,301,2,1,-44
4,305,1,2,-45
4,302,2,1,-42
4,306,1,2,-45
4,303,2,1,-42
4,307,1,2,-43
4,304,2,1,-40
4,308,1,2,-50
4,305,2,1,-46
4,309,1,2,-50
4,306,2,1,-46
4,310,1,2,-51
4,307,2,1,-52
4,311,1,2,-61
4,308,2,1,-59
4,312,1,2,-62
4,309,2,1,-57
4,313,1,2,-58
4,310,2,1,-57
4,314,1,2,-55
4,311,2,1,-53
4,315,1,2,-54
4,312,2,1,-53
4,316,1,2,-59
4,313,2,1,-58
4,317,1,2,-53
4,314,2,1,-51
4,318,1,2,-52
4,315,2,1,-52
4,319,1,2,-57
4,316,2,1,-54
4,320,1,2,-55
4,317,2,1,-56
4,321,1,2,-51
4,318,2,1,-45
4,322,1,2,-51
4,319,2,1,-45
4,323,1,2,-51
4,320,2,1,-45
4,324,1,2,-53
4,321,2,1,-48
4,325,1,2,-51
4,322,2,1,-47
4,326,1,2,-54
4,323,2,1,-56
4,327,1,2,-53
4,324,2,1,-49
4,328,1,2,-54
4,325,2,1,-54
4,329,1,2,-54
4,326,2,1,-55
4,330,1,2,-60
4,327,2,1,-58
4,331,1,2,-64
4,328,2,1,-57
4,332,1,2,-57
4,329,2,1,-49
4,333,1,2,-56
4,330,2,1,-49
4,334,1,2,-54
4,331,2,1,-52
4,335,1,2,-56
4,332,2,1,-54
4,336,1,2,-55
4,333,2,1,-54
4,337,1,2,-54
4,334,2,1,-56
4,338,1,2,-57
4,335,2,1,-55
4,339,1,2,-56
4,336,2,1,-55
4,340,1,2,-55
4,337,2,1,-55
4,341,1,2,-58
4,338,2,1,-57
4,342,1,2,-56
4,339,2,1,-55
4,343,1,2,-55
4,340,2,1,-53
4,344,1,2,-54
4,341,2,1,-51
4,345,1,2,-54
4,342,2,1,-52
4,346,1,2,-56
4,343,2,1,-53
4,347,1,2,-55
4,344,2,1,-53
4,348,1,2,-53
4,345,2,1,-52
4,349,1,2,-51
4,346,2,1,-51
4,350,1,2,-53
4,347,2,1,-50
4,351,1,2,-54
4,348,2,1,-52
4,352,1,2,-55
4,349,2,1,-53
4,353,1,2,-54
4,350,2,1,-52
4,354,1,2,-56
4,351,2,1,-54
4,355,1,2,-54
4,352,2,1,-56
4,356,1,2,-54
4,353,2,1,-57
4,357,1,2,-58
4,354,2,1,-58
4,358,1,2,-62
4,355,2,1,-55
4,359,1,2,-54
4,356,2,1,-55
4,360,1,2,-54
4,357,2,1,-51
4,361,1,2,-52
4,358,2,1,-49
4,362,1,2,-53
4,359,2,1,-51
4,363,1,2,-54
4,360,2,1,-58
4,364,1,2,-59
4,361,2,1,-58
4,365,1,2,-60
4,362,2,1,-59
4,366,1,2,-58
4,363,2,1,-57
4,367,1,2,-55
4,364,2,1,-57
4,368,1,2,-56
4,365,2,1,-59
4,369,1,2,-58
4,366,2,1,-57
4,370,1,2,-58
4,367,2,1,-58
4,371,1,2,-54
4,368,2,1,-55
4,372,1,2,-54
4,369,2,1,-55
4,373,1,2,-58
4,370,2,1,-57
4,374,1,2,-58
4,371,2,1,-58
4,375,1,2,-58
4,372,2,1,-56
4,376,1,2,-54
4,373,2,1,-56
4,377,1,2,-60
4,374,2,1,-59
4,378,1,2,-60
4,375,2,1,-60
4,379,1,2,-54
4,380,1,2,-53
4,376,2,1,-49
4,381,1,2,-50
4,377,2,1,-48
4,382,1,2,-51
4,378,2,1,-46
4,383,1,2,-51
4,379,2,1,-50
4,384,1,2,-55
4,380,2,1,-52
4,385,1,2,-53
4,381,2,1,-51
4,386,1,2,-53
4,382,2,1,-51
4,387,1,2,-54
4,383,2,1,-57
4,388,1,2,-55
4,384,2,1,-52
4,389,1,2,-47
4,385,2,1,-45
4,390,1,2,-51
4,386,2,1,-50
4,391,1,2,-47
4,387,2,1,-45
4,392,1,2,-56
4,388,2,1,-53
4,393,1,2,-53
4,389,2,1,-51
4,394,1,2,-58
4,390,2,1,-57
4,395,1,2,-59
4,391,2,1,-60
4,396,1,2,-67
4,392,2,1,-63
4,397,1,2,-54
4,393,2,1,-55
4,398,1,2,-55
4,394,2,1,-54
4,399,1,2,-55
4,395,2,1,-53
4,400,1,2,-55
4,396,2,1,-54
4,401,1,2,-54
4,397,2,1,-52
4,402,1,2,-56
4,398,2,1,-55
4,403,1,2,-58
4,399,2,1,-57
4,404,1,2,-54
4,400,2,1,-49
4,405,1,2,-54
4,401,2,1,-51
4,406,1,2,-54
4,402,2,1,-51
4,407,1,2,-55
4,403,2,1,-55
4,408,1,2,-55
4,404,2,1,-53
4,409,1,2,-54
4,405,2,1,-52
4,410,1,2,-55
4,406,2,1,-52
4,411,1,2,-55
4,407,2,1,-52
4,412,1,2,-54
4,408,2,1,-51
4,413,1,2,-54
4,409,2,1,-51
4,414,1,2,-53
4,410,2,1,-51
4,415,1,2,-54
4,411,2,1,-50
4,416,1,2,-50
4,412,2,1,-45
4,417,1,2,-51
4,413,2,1,-49
4,418,1,2,-53
4,414,2,1,-50
4,419,1,2,-53
4,415,2,1,-51
4,420,1,2,-53
4,416,2,1,-51
4,421,1,2,-53
4,417,2,1,-50
4,422,1,2,-53
4,418,2,1,-50
4,423,1,2,-53
4,419,2,1,-51
4,424,1,2,-53
4,420,2,1,-51
4,425,1,2,-53
4,421,2,1,-50
4,426,1,2,-53
4,422,2,1,-51
4,427,1,2,-52
4,423,2,1,-49
4,428,1,2,-51
4,424,2,1,-47
4,429,1,2,-53
4,425,2,1,-50
4,430,1,2,-53
4,426,2,1,-50
4,431,1,2,-55
4,427,2,1,-55
4,432,1,2,-53
4,428,2,1,-51
4,433,1,2,-55
4,429,2,1,-53
4,434,1,2,-54
4,430,2,1,-50
4,435,1,2,-53
4,431,2,1,-50
4,436,1,2,-51
4,432,2,1,-49
4,437,1,2,-51
4,433,2,1,-47
4,438,1,2,-50
4,434,2,1,-45
4,439,1,2,-53
4,435,2,1,-51
4,440,1,2,-51
4,436,2,1,-47
4,441,1,2,-50
4,437,2,1,-45
4,442,1,2,-51
4,438,2,1,-49
4,443,1,2,-50
4,439,2,1,-51
4,444,1,2,-51
4,440,2,1,-46
4,445,1,2,-51
4,441,2,1,-49
4,446,1,2,-52
4,442,2,1,-50
4,447,1,2,-52
4,443,2,1,-49
4,448,1,2,-53
4,444,2,1,-50
4,449,1,2,-53
4,445,2,1,-50
4,450,1,2,-52
4,446,2,1,-51
4,451,1,2,-53
4,452,1,2,-51
4,447,2,1,-46
4,453,1,2,-52
4,448,2,1,-51
4,454,1,2,-48
4,449,2,1,-49
4,455,1,2,-49
4,450,2,1,-49
4,456,1,2,-51
4,451,2,1,-45
4,457,1,2,-49
4,452,2,1,-47
4,458,1,2,-51
4,453,2,1,-47
4,459,1,2,-52
4,454,2,1,-49
4,460,1,2,-50
4,455,2,1,-50
4,461,1,2,-52
4,456,2,1,-50
4,462,1,2,-51
4,457,2,1,-47
4,463,1,2,-52
4,458,2,1,-49
4,464,1,2,-52
4,459,2,1,-50
4,465,1,2,-52
4,460,2,1,-50
4,466,1,2,-51
4,461,2,1,-46
4,467,1,2,-51
4,462,2,1,-47
4,468,1,2,-53
4,463,2,1,-50
4,469,1,2,-53
4,464,2,1,-53
4,470,1,2,-54
4,465,2,1,-53
4,471,1,2,-54
4,466,2,1,-51
4,472,1,2,-55
4,467,2,1,-53
4,473,1,2,-55
4,468,2,1,-53
4,474,1,2,-54
4,469,2,1,-52
4,475,1,2,-53
4,470,2,1,-50
4,476,1,2,-53
4,471,2,1,-47
4,477,1,2,-53
4,472,2,1,-49
4,478,1,2,-51
4,473,2,1,-45
4,479,1,2,-47
4,474,2,1,-45
4,480,1,2,-53
4,475,2,1,-51
4,481,1,2,-53
4,476,2,1,-51
4,482,1,2,-53
4,477,2,1,-51
4,483,1,2,-53
4,478,2,1,-50
4,484,1,2,-52
4,479,2,1,-49
4,485,1,2,-52
4,480,2,1,-49
4,486,1,2,-53
4,481,2,1,-51
4,487,1,2,-53
4,482,2,1,-51
4,488,1,2,-56
4,483,2,1,-55
4,489,1,2,-53
4,484,2,1,-51
4,490,1,2,-52
4,485,2,1,-49
4,491,1,2,-53
4,486,2,1,-51
4,492,1,2,-53
4,487,2,1,-51
4,493,1,2,-52
4,488,2,1,-50
4,494,1,2,-51
4,489,2,1,-51
4,495,1,2,-55
4,490,2,1,-55
4,496,1,2,-55
4,491,2,1,-53
4,497,1,2,-53
4,492,2,1,-51
4,498,1,2,-52
4,493,2,1,-48
4,499,1,2,-53
4,494,2,1,-48
4,500,1,2,-53
4,495,2,1,-48
4,501,1,2,-53
4,496,2,1,-51
4,502,1,2,-53
4,497,2,1,-50
4,503,1,2,-51
4,498,2,1,-46
4,504,1,2,-52
4,499,2,1,-50
4,505,1,2,-56
4,500,2,1,-54
4,506,1,2,-53
4,501,2,1,-50
4,507,1,2,-54
4,502,2,1,-51
4,508,1,2,-53
4,503,2,1,-49
4,509,1,2,-50
4,504,2,1,-45
4,510,1,2,-51
4,505,2,1,-46
4,511,1,2,-55
4,506,2,1,-51
4,512,1,2,-53
4,507,2,1,-51
4,513,1,2,-54
4,508,2,1,-54
4,514,1,2,-51
4,509,2,1,-49
4,515,1,2,-54
4,510,2,1,-52
4,516,1,2,-54
4,511,2,1,-51
4,517,1,2,-53
4,512,2,1,-49
4,518,1,2,-55
4,513,2,1,-55
4,519,1,2,-54
4,514,2,1,-49
4,520,1,2,-53
4,515,2,1,-50
4,521,1,2,-55
4,516,2,1,-54
4,522,1,2,-51
4,517,2,1,-49
4,523,1,2,-54
4,518,2,1,-51
4,524,1,2,-52
4,519,2,1,-50
4,525,1,2,-53
4,520,2,1,-50
4,526,1,2,-55
4,521,2,1,-53
4,527,1,2,-55
4,522,2,1,-53
4,528,1,2,-55
4,523,2,1,-56
4,529,1,2,-54
4,524,2,1,-56
4,530,1,2,-55
4,525,2,1,-53
4,531,1,2,-54
4,532,1,2,-52
4,526,2,1,-47
4,533,1,2,-53
4,527,2,1,-51
4,534,1,2,-53
4,528,2,1,-52
4,535,1,2,-51
4,529,2,1,-46
4,536,1,2,-49
4,530,2,1,-45
4,537,1,2,-47
4,531,2,1,-45
4,538,1,2,-52
4,532,2,1,-50
4,539,1,2,-51
4,533,2,1,-47
4,540,1,2,-51
4,541,1,2,-52
4,534,2,1,-48
4,542,1,2,-51
4,535,2,1,-46
4,543,1,2,-47
4,536,2,1,-45
4,544,1,2,-49
4,537,2,1,-43
4,545,1,2,-46
4,538,2,1,-43
4,546,1,2,-49
4,547,1,2,-46
4,539,2,1,-43
4,548,1,2,-45
4,540,2,1,-44
4,549,1,2,-49
4,541,2,1,-43
4,550,1,2,-46
4,542,2,1,-43
4,551,1,2,-47
4,543,2,1,-44
4,552,1,2,-49
4,544,2,1,-44
4,553,1,2,-47
4,545,2,1,-45
4,554,1,2,-49
4,546,2,1,-45
4,555,1,2,-49
4,547,2,1,-44
4,556,1,2,-45
4,548,2,1,-43
4,557,1,2,-44
4,549,2,1,-41
4,558,1,2,-45
4,550,2,1,-43
4,559,1,2,-45
4,551,2,1,-44
4,560,1,2,-47
4,552,2,1,-45
4,561,1,2,-49
4,553,2,1,-44
4,562,1,2,-46
4,554,2,1,-44
4,563,1,2,-52
4,555,2,1,-48
4,564,1,2,-48
4,556,2,1,-47
4,565,1,2,-52
4,557,2,1,-49
4,566,1,2,-53
4,558,2,1,-52
4,567,1,2,-53
4,559,2,1,-51
4,568,1,2,-54
4,560,2,1,-54
4,569,1,2,-53
4,561,2,1,-52
4,570,1,2,-54
4,562,2,1,-52
4,571,1,2,-52
4,563,2,1,-48
4,572,1,2,-52
4,564,2,1,-49
4,573,1,2,-49
4,565,2,1,-50
4,574,1,2,-53
4,566,2,1,-51
4,575,1,2,-52
4,567,2,1,-49
4,576,1,2,-52
4,568,2,1,-48
4,577,1,2,-54
4,569,2,1,-51
4,578,1,2,-53
4,570,2,1,-52
4,579,1,2,-53
4,571,2,1,-49
4,580,1,2,-50
4,581,1,2,-47
4,572,2,1,-46
4,582,1,2,-49
4,573,2,1,-48
4,583,1,2,-54
4,574,2,1,-52
4,584,1,2,-50
4,575,2,1,-50
4,585,1,2,-54
4,576,2,1,-50
4,586,1,2,-55
4,577,2,1,-55
4,587,1,2,-56
4,578,2,1,-54
4,588,1,2,-53
4,579,2,1,-50
4,589,1,2,-52
4,580,2,1,-47
4,590,1,2,-52
4,581,2,1,-49
4,591,1,2,-52
4,582,2,1,-51
4,592,1,2,-52
4,583,2,1,-50
4,593,1,2,-53
4,584,2,1,-51
4,594,1,2,-52
4,585,2,1,-49
4,595,1,2,-51
4,586,2,1,-47
4,596,1,2,-51
4,587,2,1,-47
4,597,1,2,-51
4,588,2,1,-47
4,598,1,2,-51
4,589,2,1,-47
4,599,1,2,-52
4,590,2,1,-50
4,600,1,2,-53
4,591,2,1,-51
4,601,1,2,-53
4,592,2,1,-51
4,602,1,2,-54
4,593,2,1,-52
4,603,1,2,-54
4,594,2,1,-53
4,604,1,2,-54
4,595,2,1,-52
4,605,1,2,-54
4,596,2,1,-52
4,606,1,2,-54
4,597,2,1,-52
4,607,1,2,-54
4,598,2,1,-51
4,608,1,2,-53
4,599,2,1,-51
4,609,1,2,-52
4,600,2,1,-49
4,610,1,2,-55
4,601,2,1,-53
4,611,1,2,-54
4,602,2,1,-57
4,612,1,2,-58
4,603,2,1,-57
4,613,1,2,-54
4,604,2,1,-56
4,614,1,2,-60
4,605,2,1,-58
4,615,1,2,-61
4,606,2,1,-56
4,616,1,2,-57
4,607,2,1,-55
4,617,1,2,-54
4,608,2,1,-58
4,618,1,2,-59
4,609,2,1,-61
4,619,1,2,-57
4,610,2,1,-56
4,620,1,2,-55
4,611,2,1,-51
4,621,1,2,-53
4,612,2,1,-50
4,622,1,2,-51
4,613,2,1,-47
4,623,1,2,-64
4,614,2,1,-58
4,624,1,2,-53
4,615,2,1,-51
4,625,1,2,-54
4,616,2,1,-52
4,626,1,2,-53
4,617,2,1,-51
4,627,1,2,-47
4,618,2,1,-45
4,628,1,2,-49
4,619,2,1,-44
4,629,1,2,-51
4,620,2,1,-47
4,630,1,2,-53
4,621,2,1,-51
4,631,1,2,-53
4,622,2,1,-51
4,632,1,2,-55
4,623,2,1,-57
4,633,1,2,-54
4,624,2,1,-57
4,634,1,2,-54
4,625,2,1,-54
4,635,1,2,-55
4,626,2,1,-53
4,636,1,2,-56
4,627,2,1,-55
4,637,1,2,-55
4,628,2,1,-53
4,638,1,2,-55
4,629,2,1,-52
4,639,1,2,-56
4,630,2,1,-55
4,640,1,2,-56
4,631,2,1,-55
4,641,1,2,-54
4,632,2,1,-55
4,642,1,2,-58
4,633,2,1,-59
4,643,1,2,-61
4,634,2,1,-56
4,644,1,2,-61
4,635,2,1,-56
4,645,1,2,-61
4,636,2,1,-56
4,646,1,2,-61
4,637,2,1,-58
4,647,1,2,-60
4,638,2,1,-58
4,648,1,2,-61
4,639,2,1,-57
4,649,1,2,-62
4,640,2,1,-58
4,650,1,2,-60
4,641,2,1,-54
4,651,1,2,-54
4,642,2,1,-56
4,652,1,2,-58
4,643,2,1,-58
4,653,1,2,-58
4,644,2,1,-58
4,654,1,2,-62
4,645,2,1,-56
4,655,1,2,-60
4,646,2,1,-55
4,656,1,2,-60
4,647,2,1,-59
4,657,1,2,-58
4,648,2,1,-57
4,658,1,2,-55
4,649,2,1,-57
4,659,1,2,-54
4,650,2,1,-55
4,660,1,2,-57
4,651,2,1,-55
4,661,1,2,-54
4,652,2,1,-56
4,662,1,2,-57
4,653,2,1,-55
4,663,1,2,-56
4,654,2,1,-55
4,664,1,2,-57
4,655,2,1,-55
4,665,1,2,-56
4,656,2,1,-54
4,666,1,2,-57
4,657,2,1,-57
4,667,1,2,-55
4,658,2,1,-56
4,668,1,2,-56
4,659,2,1,-54
4,669,1,2,-55
4,660,2,1,-53
4,670,1,2,-56
4,661,2,1,-54
4,671,1,2,-56
4,662,2,1,-58
4,672,1,2,-62
4,663,2,1,-61
4,673,1,2,-62
4,664,2,1,-60
4,674,1,2,-58
4,665,2,1,-58
4,675,1,2,-60
4,666,2,1,-60
4,676,1,2,-62
4,667,2,1,-59
4,677,1,2,-65
4,668,2,1,-61
4,678,1,2,-67
4,669,2,1,-64
4,679,1,2,-65
4,670,2,1,-64
4,680,1,2,-69
4,671,2,1,-66
4,681,1,2,-65
4,672,2,1,-64
4,682,1,2,-69
4,673,2,1,-67
4,683,1,2,-71
4,674,2,1,-69
4,684,1,2,-68
4,675,2,1,-66
4,685,1,2,-68
4,676,2,1,-67
4,677,2,1,-69
4,686,1,2,-66
4,678,2,1,-62
4,687,1,2,-58
4,679,2,1,-58
4,688,1,2,-54
4,680,2,1,-56
4,689,1,2,-55
4,681,2,1,-57
4,690,1,2,-59
4,682,2,1,-59
4,691,1,2,-62
4,683,2,1,-61
4,692,1,2,-66
4,684,2,1,-63
4,693,1,2,-67
4,685,2,1,-64
4,694,1,2,-61
4,686,2,1,-56
4,695,1,2,-54
4,687,2,1,-56
4,696,1,2,-57
4,697,1,2,-58
4,688,2,1,-57
4,698,1,2,-58
4,689,2,1,-58
4,699,1,2,-55
4,690,2,1,-57
4,700,1,2,-54
4,691,2,1,-57
4,701,1,2,-57
4,692,2,1,-56
4,702,1,2,-54
4,693,2,1,-56
4,703,1,2,-54
4,694,2,1,-57
4,704,1,2,-55
4,695,2,1,-58
4,705,1,2,-58
4,696,2,1,-59
4,706,1,2,-60
4,697,2,1,-61
4,707,1,2,-62
4,698,2,1,-61
4,708,1,2,-59
4,699,2,1,-59
4,709,1,2,-60
4,700,2,1,-61
4,710,1,2,-66
4,701,2,1,-65
4,711,1,2,-60
4,702,2,1,-55
4,712,1,2,-57
4,703,2,1,-56
4,713,1,2,-59
4,704,2,1,-56
4,714,1,2,-57
4,705,2,1,-55
4,715,1,2,-58
4,706,2,1,-58
4,716,1,2,-55
4,707,2,1,-53
4,717,1,2,-55
4,708,2,1,-51
4,718,1,2,-55
4,709,2,1,-54
4,719,1,2,-54
4,710,2,1,-57
4,720,1,2,-55
4,711,2,1,-59
4,721,1,2,-58
4,712,2,1,-58
4,722,1,2,-58
4,722,1,2,-58
4,713,2,1,-58
4,723,1,2,-60
4,714,2,1,-55
4,724,1,2,-54
4,715,2,1,-55
4,725,1,2,-57
4,716,2,1,-55
4,726,1,2,-59
4,717,2,1,-58
4,727,1,2,-60
4,718,2,1,-59
4,728,1,2,-61
4,719,2,1,-56
4,729,1,2,-58
4,720,2,1,-56
4,730,1,2,-56
4,721,2,1,-53
4,731,1,2,-64
4,722,2,1,-62
4,732,1,2,-54
4,723,2,1,-55
4,733,1,2,-62
4,724,2,1,-59
4,734,1,2,-61
4,725,2,1,-57
4,735,1,2,-60
4,726,2,1,-56
4,736,1,2,-59
4,727,2,1,-59
4,737,1,2,-62
4,728,2,1,-61
4,738,1,2,-59
4,729,2,1,-58
4,739,1,2,-58
4,730,2,1,-58
4,740,1,2,-59
4,731,2,1,-58
4,741,1,2,-66
4,732,2,1,-62
4,742,1,2,-61
4,733,2,1,-60
4,743,1,2,-61
4,734,2,1,-57
4,744,1,2,-59
4,735,2,1,-59
4,745,1,2,-58
4,736,2,1,-56
4,746,1,2,-57
4,737,2,1,-55
4,747,1,2,-55
4,738,2,1,-53
4,748,1,2,-55
4,739,2,1,-53
4,749,1,2,-56
4,740,2,1,-53
4,750,1,2,-56
4,741,2,1,-55
4,751,1,2,-56
4,742,2,1,-58
4,752,1,2,-58
4,743,2,1,-55
4,753,1,2,-57
4,744,2,1,-56
4,754,1,2,-55
4,745,2,1,-53
4,755,1,2,-56
4,746,2,1,-55
4,756,1,2,-57
4,747,2,1,-55
4,757,1,2,-56
4,748,2,1,-55
4,758,1,2,-56
4,749,2,1,-55
4,759,1,2,-55
4,750,2,1,-55
4,760,1,2,-54
4,751,2,1,-56
4,761,1,2,-54
4,752,2,1,-57
4,762,1,2,-54
4,753,2,1,-56
4,763,1,2,-60
4,754,2,1,-57
4,764,1,2,-63
4,755,2,1,-60
4,765,1,2,-62
4,765,1,2,-62
4,765,1,2,-62
4,765,1,2,-62
4,765,1,2,-62
4,756,2,1,-60
4,766,1,2,-60
4,757,2,1,-56
4,767,1,2,-54
4,758,2,1,-56
4,768,1,2,-58
4,759,2,1,-58
4,769,1,2,-60
4,760,2,1,-56
4,770,1,2,-64
4,761,2,1,-63
4,771,1,2,-69
4,762,2,1,-69
4,772,1,2,-68
4,763,2,1,-65
4,773,1,2,-64
4,764,2,1,-63
4,774,1,2,-61
4,765,2,1,-56
4,775,1,2,-60
4,766,2,1,-55
4,776,1,2,-59
4,767,2,1,-58
4,777,1,2,-58
4,768,2,1,-57
4,778,1,2,-59
4,769,2,1,-56
4,779,1,2,-61
4,770,2,1,-58
4,780,1,2,-62
4,771,2,1,-59
4,781,1,2,-62
4,772,2,1,-60
4,782,1,2,-63
4,773,2,1,-60
4,783,1,2,-69
4,774,2,1,-68
4,784,1,2,-60
4,784,1,2,-60
4,775,2,1,-55
4,785,1,2,-60
4,776,2,1,-55
4,786,1,2,-61
4,777,2,1,-59
4,787,1,2,-63
4,778,2,1,-60
4,788,1,2,-62
4,779,2,1,-56
4,789,1,2,-62
4,780,2,1,-60
4,790,1,2,-62
4,781,2,1,-60
4,791,1,2,-58
4,782,2,1,-56
4,792,1,2,-58
4,783,2,1,-59
4,793,1,2,-63
4,784,2,1,-60
4,794,1,2,-59
4,785,2,1,-58
4,785,2,1,-58
4,785,2,1,-58
4,785,2,1,-58
4,795,1,2,-54
4,786,2,1,-54
4,796,1,2,-55
4,787,2,1,-53
4,797,1,2,-56
4,788,2,1,-55
4,798,1,2,-55
4,789,2,1,-54
4,799,1,2,-54
4,790,2,1,-56
4,800,1,2,-59
4,791,2,1,-57
4,801,1,2,-60
4,792,2,1,-54
4,802,1,2,-61
4,803,1,2,-60
4,793,2,1,-54
4,804,1,2,-59
4,794,2,1,-60
4,805,1,2,-63
4,795,2,1,-59
4,806,1,2,-60
4,796,2,1,-60
4,807,1,2,-64
4,797,2,1,-62
4,808,1,2,-59
4,798,2,1,-58
4,809,1,2,-60
4,799,2,1,-54
4,810,1,2,-62
4,800,2,1,-61
4,811,1,2,-61
4,801,2,1,-58
4,812,1,2,-60
4,802,2,1,-56
4,813,1,2,-62
4,803,2,1,-57
4,814,1,2,-61
4,804,2,1,-62
4,815,1,2,-62
4,805,2,1,-62
4,816,1,2,-60
4,806,2,1,-54
4,817,1,2,-59
4,807,2,1,-60
4,818,1,2,-59
4,808,2,1,-58
4,819,1,2,-60
4,809,2,1,-59
4,820,1,2,-62
4,810,2,1,-60
4,821,1,2,-62
4,811,2,1,-58
4,822,1,2,-54
4,812,2,1,-58
4,823,1,2,-62
4,813,2,1,-58
4,824,1,2,-62
4,814,2,1,-58
4,825,1,2,-59
4,815,2,1,-58
4,826,1,2,-58
4,816,2,1,-57
4,827,1,2,-54
4,817,2,1,-55
4,828,1,2,-54
4,818,2,1,-50
4,829,1,2,-54
4,819,2,1,-49
4,830,1,2,-55
4,820,2,1,-50
4,831,1,2,-55
4,821,2,1,-53
4,832,1,2,-54
4,822,2,1,-51
4,833,1,2,-55
4,823,2,1,-55
4,834,1,2,-54
4,824,2,1,-54
4,835,1,2,-58
4,825,2,1,-51
4,836,1,2,-54
4,826,2,1,-45
4,837,1,2,-55
4,827,2,1,-49
4,838,1,2,-53
4,828,2,1,-52
4,839,1,2,-54
4,829,2,1,-51
4,840,1,2,-51
4,830,2,1,-46
4,841,1,2,-53
4,831,2,1,-51
4,842,1,2,-53
4,832,2,1,-51
4,843,1,2,-60
4,833,2,1,-62
4,844,1,2,-64
4,834,2,1,-60
4,845,1,2,-67
4,835,2,1,-63
4,846,1,2,-75
4,836,2,1,-69
4,847,1,2,-65
4,837,2,1,-60
4,848,1,2,-54
4,838,2,1,-55
4,849,1,2,-54
4,839,2,1,-56
4,850,1,2,-58
4,840,2,1,-58
4,851,1,2,-72
4,841,2,1,-68
4,852,1,2,-61
4,842,2,1,-56
4,853,1,2,-58
4,843,2,1,-57
4,854,1,2,-60
4,844,2,1,-56
4,855,1,2,-61
4,845,2,1,-57
4,856,1,2,-61
4,846,2,1,-56
4,857,1,2,-60
4,847,2,1,-55
4,858,1,2,-60
4,848,2,1,-61
4,859,1,2,-68
4,849,2,1,-68
4,860,1,2,-66
4,850,2,1,-61
4,861,1,2,-56
4,851,2,1,-55
4,862,1,2,-54
4,852,2,1,-56
4,863,1,2,-58
4,864,1,2,-56
4,853,2,1,-54
4,865,1,2,-55
4,854,2,1,-53
4,866,1,2,-56
4,855,2,1,-54
4,867,1,2,-54
4,868,1,2,-55
4,856,2,1,-51
4,869,1,2,-54
4,857,2,1,-52
4,870,1,2,-56
4,858,2,1,-53
4,871,1,2,-53
4,859,2,1,-52
4,872,1,2,-53
4,860,2,1,-49
4,873,1,2,-52
4,861,2,1,-47
4,874,1,2,-52
4,862,2,1,-50
4,875,1,2,-54
4,863,2,1,-52
4,876,1,2,-56
4,864,2,1,-53
4,877,1,2,-55
4,865,2,1,-54
4,878,1,2,-53
4,866,2,1,-51
4,879,1,2,-54
4,867,2,1,-52
4,880,1,2,-54
4,868,2,1,-51
4,881,1,2,-53
4,869,2,1,-51
4,882,1,2,-53
4,870,2,1,-51
4,883,1,2,-53
4,871,2,1,-51
4,884,1,2,-51
4,872,2,1,-51
4,885,1,2,-52
4,873,2,1,-49
4,886,1,2,-54
4,874,2,1,-51
4,887,1,2,-54
4,875,2,1,-51
4,888,1,2,-55
4,876,2,1,-52
4,889,1,2,-55
4,877,2,1,-53
4,890,1,2,-54
4,878,2,1,-56
4,891,1,2,-59
4,879,2,1,-54
4,892,1,2,-62
4,880,2,1,-56
4,893,1,2,-64
4,881,2,1,-61
4,894,1,2,-64
4,882,2,1,-60
4,895,1,2,-64
4,883,2,1,-62
4,896,1,2,-64
4,884,2,1,-62
4,897,1,2,-64
4,885,2,1,-58
4,898,1,2,-62
4,886,2,1,-57
4,899,1,2,-62
4,887,2,1,-56
4,900,1,2,-56
4,888,2,1,-59
4,901,1,2,-54
4,889,2,1,-55
4,902,1,2,-55
4,890,2,1,-54
4,903,1,2,-54
4,891,2,1,-56
4,904,1,2,-58
4,892,2,1,-59
4,905,1,2,-58
4,893,2,1,-57
4,906,1,2,-58
4,894,2,1,-58
4,907,1,2,-55
4,895,2,1,-58
4,908,1,2,-56
4,896,2,1,-54
4,909,1,2,-54
4,897,2,1,-56
4,910,1,2,-54
4,898,2,1,-51
4,911,1,2,-54
4,899,2,1,-51
4,912,1,2,-55
4,900,2,1,-53
4,913,1,2,-56
4,901,2,1,-54
4,914,1,2,-54
4,902,2,1,-57
4,915,1,2,-54
4,903,2,1,-56
4,916,1,2,-55
4,904,2,1,-56
4,917,1,2,-56
4,905,2,1,-54
4,918,1,2,-55
4,906,2,1,-53
4,919,1,2,-64
4,907,2,1,-66
4,920,1,2,-76
4,908,2,1,-72
4,921,1,2,-62
4,909,2,1,-56
4,922,1,2,-58
4,910,2,1,-56
4,923,1,2,-57
4,911,2,1,-55
4,924,1,2,-61
4,912,2,1,-57
4,925,1,2,-64
4,913,2,1,-61
4,926,1,2,-61
4,914,2,1,-59
4,927,1,2,-58
4,915,2,1,-56
4,928,1,2,-58
4,916,2,1,-59
4,929,1,2,-55
4,917,2,1,-53
4,930,1,2,-54
4,918,2,1,-55
4,931,1,2,-59
4,919,2,1,-58
4,932,1,2,-61
4,920,2,1,-56
4,933,1,2,-60
4,921,2,1,-55
4,934,1,2,-59
4,922,2,1,-58
4,935,1,2,-59
4,923,2,1,-57
4,936,1,2,-54
4,924,2,1,-55
4,937,1,2,-54
4,925,2,1,-55
4,938,1,2,-55
4,926,2,1,-50
4,939,1,2,-56
4,927,2,1,-53
4,940,1,2,-58
4,928,2,1,-57
4,941,1,2,-55
4,929,2,1,-59
4,942,1,2,-55
4,930,2,1,-56
4,943,1,2,-58
4,931,2,1,-58
4,944,1,2,-58
4,932,2,1,-55
4,945,1,2,-55
4,933,2,1,-54
4,946,1,2,-60
4,934,2,1,-58
4,947,1,2,-59
4,935,2,1,-59
4,948,1,2,-57
4,936,2,1,-56
4,949,1,2,-54
4,937,2,1,-55
4,950,1,2,-60
4,938,2,1,-54
4,951,1,2,-54
4,939,2,1,-54
4,952,1,2,-54
4,940,2,1,-56
4,953,1,2,-55
4,941,2,1,-53
4,954,1,2,-58
4,942,2,1,-56
4,955,1,2,-56
4,943,2,1,-54
4,956,1,2,-54
4,944,2,1,-55
4,957,1,2,-57
4,945,2,1,-55
4,958,1,2,-57
4,946,2,1,-55
4,959,1,2,-57
4,947,2,1,-55
4,960,1,2,-55
4,948,2,1,-53
4,961,1,2,-55
4,949,2,1,-52
4,962,1,2,-59
4,950,2,1,-54
4,963,1,2,-59
4,951,2,1,-59
4,964,1,2,-60
4,952,2,1,-59
4,965,1,2,-64
4,953,2,1,-63
4,966,1,2,-60
4,954,2,1,-55
4,967,1,2,-59
4,955,2,1,-59
4,968,1,2,-63
4,956,2,1,-60
4,969,1,2,-57
4,957,2,1,-55
4,970,1,2,-58
4,958,2,1,-58
4,971,1,2,-58
4,959,2,1,-56
4,972,1,2,-58
4,960,2,1,-57
4,973,1,2,-54
4,961,2,1,-56
4,974,1,2,-57
4,962,2,1,-55
4,975,1,2,-54
4,963,2,1,-57
4,976,1,2,-59
4,964,2,1,-58
4,977,1,2,-54
4,965,2,1,-55
4,978,1,2,-58
4,966,2,1,-58
4,979,1,2,-62
4,967,2,1,-58
4,980,1,2,-60
4,968,2,1,-55
4,981,1,2,-61
4,969,2,1,-56
4,982,1,2,-67
4,970,2,1,-64
4,983,1,2,-68
4,971,2,1,-65
4,984,1,2,-68
4,972,2,1,-65
4,985,1,2,-77
4,973,2,1,-77
4,986,1,2,-65
4,974,2,1,-61
4,987,1,2,-60
4,975,2,1,-58
4,988,1,2,-58
4,976,2,1,-58
4,989,1,2,-54
4,990,1,2,-54
4,977,2,1,-52
4,991,1,2,-53
4,978,2,1,-51
4,992,1,2,-53
4,979,2,1,-51
4,993,1,2,-54
4,980,2,1,-55
4,994,1,2,-56
4,981,2,1,-54
4,995,1,2,-55
4,982,2,1,-52
4,996,1,2,-55
4,983,2,1,-54
4,997,1,2,-55
4,984,2,1,-53
4,998,1,2,-54
