11,0,1,2,-64
11,1,1,2,-66
11,0,2,1,-64
11,2,1,2,-66
11,1,2,1,-62
11,3,1,2,-65
11,2,2,1,-63
11,4,1,2,-64
11,3,2,1,-61
11,5,1,2,-65
11,6,1,2,-70
11,4,2,1,-67
11,7,1,2,-66
11,5,2,1,-65
11,8,1,2,-64
11,6,2,1,-60
11,9,1,2,-59
11,7,2,1,-57
11,10,1,2,-60
11,8,2,1,-56
11,11,1,2,-60
11,9,2,1,-54
11,12,1,2,-66
11,13,1,2,-64
11,10,2,1,-60
11,14,1,2,-62
11,11,2,1,-60
11,15,1,2,-62
11,16,1,2,-62
11,12,2,1,-60
11,17,1,2,-64
11,13,2,1,-62
11,18,1,2,-62
11,14,2,1,-60
11,19,1,2,-64
11,15,2,1,-61
11,20,1,2,-60
11,16,2,1,-55
11,21,1,2,-60
11,17,2,1,-56
11,22,1,2,-60
11,18,2,1,-55
11,23,1,2,-62
11,19,2,1,-59
11,24,1,2,-66
11,20,2,1,-62
11,25,1,2,-64
11,21,2,1,-60
11,26,1,2,-63
11,22,2,1,-63
11,27,1,2,-66
11,23,2,1,-62
11,28,1,2,-68
11,24,2,1,-65
11,29,1,2,-66
11,25,2,1,-62
11,30,1,2,-64
11,26,2,1,-62
11,31,1,2,-67
11,27,2,1,-66
11,32,1,2,-66
11,33,1,2,-64
11,28,2,1,-60
11,34,1,2,-66
11,35,1,2,-71
11,29,2,1,-70
11,36,1,2,-63
11,30,2,1,-60
11,37,1,2,-66
11,31,2,1,-64
11,38,1,2,-66
11,32,2,1,-60
11,39,1,2,-61
11,33,2,1,-55
11,40,1,2,-60
11,34,2,1,-54
11,41,1,2,-64
11,35,2,1,-60
11,42,1,2,-64
11,36,2,1,-62
11,43,1,2,-64
11,37,2,1,-62
11,44,1,2,-59
11,38,2,1,-59
11,45,1,2,-64
11,39,2,1,-64
11,46,1,2,-65
11,40,2,1,-62
11,47,1,2,-68
11,41,2,1,-65
11,48,1,2,-68
11,42,2,1,-64
11,49,1,2,-62
11,43,2,1,-60
11,50,1,2,-62
11,44,2,1,-59
11,51,1,2,-67
11,45,2,1,-65
11,52,1,2,-62
11,46,2,1,-60
11,53,1,2,-64
11,47,2,1,-61
11,54,1,2,-71
11,48,2,1,-69
11,55,1,2,-68
11,49,2,1,-64
11,56,1,2,-64
11,50,2,1,-61
11,57,1,2,-68
11,51,2,1,-65
11,58,1,2,-64
11,52,2,1,-60
11,59,1,2,-68
11,53,2,1,-66
11,60,1,2,-68
11,54,2,1,-66
11,61,1,2,-66
11,55,2,1,-62
11,62,1,2,-66
11,56,2,1,-64
11,63,1,2,-64
11,57,2,1,-61
11,64,1,2,-64
11,65,1,2,-65
11,58,2,1,-62
11,66,1,2,-66
11,59,2,1,-64
11,67,1,2,-66
11,68,1,2,-66
11,60,2,1,-62
11,69,1,2,-70
11,61,2,1,-66
11,70,1,2,-68
11,62,2,1,-67
11,71,1,2,-66
11,63,2,1,-62
11,72,1,2,-62
11,64,2,1,-60
11,73,1,2,-62
11,65,2,1,-57
11,74,1,2,-61
11,66,2,1,-58
11,75,1,2,-60
11,67,2,1,-54
11,76,1,2,-60
11,77,1,2,-60
11,68,2,1,-59
11,78,1,2,-60
11,69,2,1,-60
11,79,1,2,-59
11,70,2,1,-58
11,80,1,2,-60
11,71,2,1,-54
11,81,1,2,-60
11,72,2,1,-55
11,82,1,2,-60
11,73,2,1,-56
11,83,1,2,-60
11,74,2,1,-55
11,84,1,2,-61
11,75,2,1,-56
11,85,1,2,-61
11,76,2,1,-56
11,86,1,2,-60
11,77,2,1,-55
11,87,1,2,-60
11,78,2,1,-54
11,88,1,2,-59
11,79,2,1,-59
11,89,1,2,-60
11,80,2,1,-55
11,90,1,2,-60
11,81,2,1,-55
11,91,1,2,-60
11,82,2,1,-54
11,92,1,2,-60
11,83,2,1,-54
11,93,1,2,-60
11,84,2,1,-56
11,94,1,2,-62
11,85,2,1,-60
11,95,1,2,-63
11,86,2,1,-60
11,96,1,2,-66
11,87,2,1,-63
11,97,1,2,-62
11,88,2,1,-56
11,98,1,2,-62
11,89,2,1,-56
11,99,1,2,-62
11,90,2,1,-59
11,100,1,2,-64
11,91,2,1,-60
11,101,1,2,-62
11,92,2,1,-60
11,102,1,2,-63
11,93,2,1,-60
11,103,1,2,-63
11,94,2,1,-60
11,104,1,2,-64
11,95,2,1,-60
11,105,1,2,-65
11,96,2,1,-62
11,106,1,2,-64
11,97,2,1,-62
11,107,1,2,-66
11,98,2,1,-63
11,108,1,2,-62
11,99,2,1,-60
11,109,1,2,-64
11,100,2,1,-61
11,110,1,2,-68
11,101,2,1,-64
11,111,1,2,-65
11,102,2,1,-63
11,112,1,2,-66
11,103,2,1,-64
11,113,1,2,-67
11,104,2,1,-64
11,114,1,2,-66
11,105,2,1,-62
11,115,1,2,-66
11,106,2,1,-63
11,116,1,2,-66
11,107,2,1,-64
11,117,1,2,-69
11,108,2,1,-66
11,118,1,2,-67
11,109,2,1,-65
11,119,1,2,-68
11,110,2,1,-66
11,120,1,2,-66
11,111,2,1,-64
11,121,1,2,-68
11,112,2,1,-64
11,122,1,2,-70
11,113,2,1,-66
11,123,1,2,-73
11,114,2,1,-69
11,124,1,2,-69
11,115,2,1,-65
11,125,1,2,-74
11,116,2,1,-72
11,126,1,2,-74
11,117,2,1,-69
11,127,1,2,-74
11,118,2,1,-71
11,128,1,2,-68
11,119,2,1,-66
11,129,1,2,-70
11,120,2,1,-67
11,130,1,2,-68
11,121,2,1,-66
11,131,1,2,-68
11,122,2,1,-66
11,132,1,2,-66
11,123,2,1,-64
11,133,1,2,-74
11,124,2,1,-70
11,134,1,2,-77
11,125,2,1,-72
11,135,1,2,-76
11,126,2,1,-73
11,136,1,2,-74
11,127,2,1,-70
11,137,1,2,-71
11,128,2,1,-67
11,138,1,2,-70
11,129,2,1,-67
11,139,1,2,-68
11,130,2,1,-66
11,140,1,2,-66
11,131,2,1,-64
11,141,1,2,-70
11,132,2,1,-66
11,142,1,2,-63
11,133,2,1,-61
11,143,1,2,-64
11,134,2,1,-63
11,144,1,2,-64
11,135,2,1,-60
11,145,1,2,-66
11,136,2,1,-65
11,146,1,2,-66
11,137,2,1,-64
11,147,1,2,-72
11,138,2,1,-67
11,148,1,2,-70
11,139,2,1,-68
11,149,1,2,-68
11,140,2,1,-66
11,150,1,2,-71
11,141,2,1,-68
11,151,1,2,-64
11,142,2,1,-60
11,152,1,2,-67
11,143,2,1,-65
11,153,1,2,-64
11,144,2,1,-61
11,154,1,2,-64
11,145,2,1,-62
11,155,1,2,-64
11,146,2,1,-62
11,156,1,2,-70
11,147,2,1,-66
11,157,1,2,-62
11,148,2,1,-60
11,158,1,2,-68
11,149,2,1,-67
11,159,1,2,-68
11,160,1,2,-63
11,150,2,1,-60
11,161,1,2,-68
11,151,2,1,-65
11,162,1,2,-72
11,152,2,1,-66
11,163,1,2,-74
11,164,1,2,-68
11,153,2,1,-65
11,165,1,2,-67
11,154,2,1,-66
11,166,1,2,-68
11,155,2,1,-65
11,167,1,2,-70
11,156,2,1,-68
11,168,1,2,-64
11,157,2,1,-60
11,169,1,2,-64
11,158,2,1,-62
11,170,1,2,-71
11,159,2,1,-68
11,171,1,2,-64
11,160,2,1,-61
11,172,1,2,-64
11,161,2,1,-62
11,173,1,2,-66
11,162,2,1,-62
11,174,1,2,-62
11,163,2,1,-58
11,175,1,2,-64
11,164,2,1,-60
11,176,1,2,-62
11,177,1,2,-63
11,178,1,2,-64
11,165,2,1,-62
11,179,1,2,-63
11,166,2,1,-60
11,180,1,2,-66
11,167,2,1,-64
11,181,1,2,-68
11,168,2,1,-64
11,182,1,2,-68
11,169,2,1,-64
11,183,1,2,-69
11,170,2,1,-64
11,184,1,2,-66
11,185,1,2,-67
11,171,2,1,-64
11,186,1,2,-68
11,172,2,1,-64
11,187,1,2,-66
11,173,2,1,-62
11,188,1,2,-64
11,174,2,1,-62
11,189,1,2,-70
11,175,2,1,-67
11,190,1,2,-66
11,176,2,1,-62
11,191,1,2,-64
11,177,2,1,-60
11,192,1,2,-66
11,178,2,1,-64
11,193,1,2,-64
11,179,2,1,-62
11,194,1,2,-65
11,180,2,1,-64
11,195,1,2,-62
11,181,2,1,-59
11,196,1,2,-62
11,182,2,1,-58
11,197,1,2,-63
11,183,2,1,-60
11,198,1,2,-66
11,184,2,1,-63
11,199,1,2,-65
11,185,2,1,-62
11,200,1,2,-75
11,186,2,1,-71
11,201,1,2,-68
11,187,2,1,-66
11,202,1,2,-70
11,188,2,1,-68
11,203,1,2,-64
11,189,2,1,-62
11,204,1,2,-66
11,190,2,1,-64
11,205,1,2,-66
11,191,2,1,-63
11,206,1,2,-62
11,192,2,1,-60
11,207,1,2,-67
11,193,2,1,-65
11,208,1,2,-62
11,194,2,1,-58
11,209,1,2,-64
11,195,2,1,-61
11,210,1,2,-63
11,196,2,1,-60
11,211,1,2,-64
11,197,2,1,-60
11,212,1,2,-62
11,198,2,1,-60
11,213,1,2,-63
11,214,1,2,-72
11,199,2,1,-66
11,215,1,2,-60
11,200,2,1,-56
11,216,1,2,-62
11,201,2,1,-58
11,217,1,2,-64
11,202,2,1,-60
11,218,1,2,-66
11,203,2,1,-64
11,219,1,2,-64
11,204,2,1,-61
11,220,1,2,-60
11,205,2,1,-55
11,221,1,2,-62
11,206,2,1,-56
11,222,1,2,-62
11,207,2,1,-59
11,223,1,2,-62
11,208,2,1,-60
11,224,1,2,-63
11,209,2,1,-60
11,225,1,2,-64
11,210,2,1,-60
11,226,1,2,-64
11,211,2,1,-60
11,227,1,2,-66
11,212,2,1,-63
11,228,1,2,-64
11,213,2,1,-61
11,229,1,2,-64
11,214,2,1,-62
11,230,1,2,-68
11,215,2,1,-64
11,231,1,2,-62
11,216,2,1,-56
11,232,1,2,-62
11,217,2,1,-61
11,233,1,2,-71
11,218,2,1,-68
11,234,1,2,-64
11,219,2,1,-62
11,235,1,2,-75
11,220,2,1,-76
11,236,1,2,-60
11,221,2,1,-55
11,237,1,2,-62
11,222,2,1,-60
11,238,1,2,-74
11,223,2,1,-75
11,239,1,2,-65
11,224,2,1,-63
11,240,1,2,-65
11,225,2,1,-63
11,241,1,2,-68
11,226,2,1,-65
11,242,1,2,-73
11,227,2,1,-68
11,243,1,2,-67
11,228,2,1,-65
11,244,1,2,-69
11,229,2,1,-67
11,245,1,2,-67
11,230,2,1,-66
11,246,1,2,-74
11,231,2,1,-74
11,247,1,2,-66
11,248,1,2,-65
11,232,2,1,-63
11,249,1,2,-68
11,233,2,1,-64
11,250,1,2,-70
11,234,2,1,-65
11,251,1,2,-66
11,235,2,1,-63
11,252,1,2,-64
11,236,2,1,-61
11,253,1,2,-65
11,237,2,1,-63
11,254,1,2,-66
11,238,2,1,-63
11,255,1,2,-66
11,239,2,1,-64
11,256,1,2,-66
11,240,2,1,-62
11,257,1,2,-65
11,241,2,1,-62
11,258,1,2,-66
11,242,2,1,-62
11,259,1,2,-64
11,243,2,1,-62
11,260,1,2,-75
11,244,2,1,-76
11,261,1,2,-68
11,245,2,1,-64
11,262,1,2,-70
11,246,2,1,-66
11,263,1,2,-69
11,247,2,1,-66
11,264,1,2,-66
11,248,2,1,-63
11,265,1,2,-64
11,249,2,1,-63
11,266,1,2,-62
11,250,2,1,-60
11,267,1,2,-58
11,251,2,1,-58
11,268,1,2,-58
11,252,2,1,-58
11,269,1,2,-59
11,253,2,1,-62
11,270,1,2,-62
11,254,2,1,-60
11,271,1,2,-62
11,255,2,1,-60
11,272,1,2,-58
11,256,2,1,-59
11,273,1,2,-60
11,257,2,1,-56
11,274,1,2,-60
11,258,2,1,-56
11,275,1,2,-62
11,259,2,1,-59
11,276,1,2,-62
11,260,2,1,-60
11,277,1,2,-64
11,261,2,1,-62
11,278,1,2,-62
11,262,2,1,-61
11,279,1,2,-70
11,263,2,1,-66
11,280,1,2,-64
11,264,2,1,-59
11,281,1,2,-61
11,265,2,1,-56
11,282,1,2,-66
11,266,2,1,-64
11,283,1,2,-72
11,267,2,1,-67
11,284,1,2,-83
11,285,1,2,-79
11,286,1,2,-65
11,268,2,1,-64
11,287,1,2,-72
11,269,2,1,-69
11,288,1,2,-68
11,270,2,1,-64
11,289,1,2,-84
11,271,2,1,-80
11,290,1,2,-76
11,272,2,1,-73
11,291,1,2,-68
11,273,2,1,-66
11,292,1,2,-66
11,274,2,1,-64
11,293,1,2,-69
11,275,2,1,-66
11,294,1,2,-66
11,295,1,2,-69
11,276,2,1,-66
11,296,1,2,-72
11,277,2,1,-68
11,297,1,2,-80
11,278,2,1,-75
11,298,1,2,-78
11,279,2,1,-78
11,299,1,2,-71
11,280,2,1,-66
11,300,1,2,-67
11,281,2,1,-64
11,301,1,2,-60
11,282,2,1,-54
11,302,1,2,-70
11,283,2,1,-67
11,303,1,2,-66
11,284,2,1,-64
11,304,1,2,-67
11,285,2,1,-64
11,305,1,2,-70
11,286,2,1,-66
11,306,1,2,-69
11,287,2,1,-67
11,307,1,2,-68
11,288,2,1,-65
11,308,1,2,-65
11,289,2,1,-63
11,309,1,2,-68
11,290,2,1,-65
11,310,1,2,-70
11,291,2,1,-67
11,311,1,2,-72
11,292,2,1,-68
11,312,1,2,-68
11,293,2,1,-66
11,313,1,2,-70
11,294,2,1,-68
11,314,1,2,-72
11,295,2,1,-69
11,315,1,2,-72
11,296,2,1,-71
11,316,1,2,-73
11,297,2,1,-71
11,317,1,2,-72
11,298,2,1,-71
11,318,1,2,-70
11,299,2,1,-66
11,319,1,2,-70
11,300,2,1,-66
11,320,1,2,-75
11,301,2,1,-71
11,321,1,2,-78
11,302,2,1,-77
11,322,1,2,-76
11,303,2,1,-74
11,323,1,2,-74
11,304,2,1,-68
11,324,1,2,-64
11,305,2,1,-60
11,325,1,2,-64
11,306,2,1,-62
11,326,1,2,-64
11,307,2,1,-62
11,327,1,2,-66
11,308,2,1,-64
11,328,1,2,-72
11,309,2,1,-68
11,329,1,2,-70
11,310,2,1,-67
11,330,1,2,-72
11,311,2,1,-68
11,331,1,2,-68
11,332,1,2,-69
11,312,2,1,-66
11,333,1,2,-68
11,313,2,1,-64
11,334,1,2,-66
11,314,2,1,-63
11,335,1,2,-66
11,315,2,1,-63
11,336,1,2,-66
11,316,2,1,-62
11,337,1,2,-66
11,317,2,1,-62
11,338,1,2,-66
11,318,2,1,-62
11,339,1,2,-68
11,319,2,1,-64
11,340,1,2,-66
11,320,2,1,-62
11,341,1,2,-66
11,321,2,1,-64
11,342,1,2,-67
11,322,2,1,-64
11,343,1,2,-68
11,323,2,1,-66
11,344,1,2,-69
11,324,2,1,-66
11,345,1,2,-75
11,325,2,1,-70
11,346,1,2,-72
11,326,2,1,-67
11,347,1,2,-74
11,327,2,1,-68
11,348,1,2,-73
11,328,2,1,-68
11,349,1,2,-68
11,329,2,1,-64
11,350,1,2,-81
11,330,2,1,-72
11,351,1,2,-74
11,331,2,1,-69
11,352,1,2,-76
11,332,2,1,-70
11,353,1,2,-72
11,333,2,1,-70
11,354,1,2,-74
11,334,2,1,-69
11,355,1,2,-73
11,335,2,1,-68
11,356,1,2,-68
11,336,2,1,-65
11,357,1,2,-67
11,337,2,1,-64
11,358,1,2,-68
11,338,2,1,-64
11,359,1,2,-74
11,339,2,1,-70
11,360,1,2,-69
11,340,2,1,-66
11,361,1,2,-68
11,341,2,1,-64
11,362,1,2,-66
11,342,2,1,-63
11,363,1,2,-69
11,343,2,1,-65
11,364,1,2,-72
11,365,1,2,-74
11,344,2,1,-70
11,366,1,2,-83
11,345,2,1,-79
11,367,1,2,-67
11,346,2,1,-63
11,368,1,2,-64
11,347,2,1,-61
11,369,1,2,-63
11,348,2,1,-60
11,370,1,2,-61
11,349,2,1,-56
11,371,1,2,-68
11,350,2,1,-66
11,372,1,2,-63
11,351,2,1,-58
11,373,1,2,-72
11,352,2,1,-71
11,374,1,2,-67
11,353,2,1,-65
11,375,1,2,-66
11,354,2,1,-62
11,376,1,2,-66
11,355,2,1,-63
11,377,1,2,-60
11,356,2,1,-58
11,378,1,2,-61
11,357,2,1,-57
11,379,1,2,-64
11,358,2,1,-64
11,380,1,2,-64
11,359,2,1,-62
11,381,1,2,-66
11,360,2,1,-63
11,382,1,2,-67
11,361,2,1,-65
11,383,1,2,-71
11,362,2,1,-67
11,384,1,2,-70
11,363,2,1,-66
11,385,1,2,-68
11,364,2,1,-64
11,386,1,2,-66
11,365,2,1,-63
11,387,1,2,-68
11,366,2,1,-65
11,388,1,2,-68
11,367,2,1,-65
11,389,1,2,-72
11,368,2,1,-70
11,390,1,2,-75
11,369,2,1,-71
11,391,1,2,-82
11,370,2,1,-71
11,392,1,2,-72
11,371,2,1,-70
11,393,1,2,-69
11,372,2,1,-66
11,394,1,2,-65
11,373,2,1,-63
11,395,1,2,-66
11,374,2,1,-64
11,396,1,2,-76
11,375,2,1,-77
11,397,1,2,-60
11,376,2,1,-56
11,398,1,2,-58
11,377,2,1,-58
11,399,1,2,-64
11,378,2,1,-61
11,400,1,2,-64
11,379,2,1,-63
11,401,1,2,-60
11,380,2,1,-56
11,402,1,2,-64
11,381,2,1,-61
11,403,1,2,-60
11,382,2,1,-54
11,404,1,2,-64
11,383,2,1,-60
11,405,1,2,-62
11,384,2,1,-58
11,406,1,2,-66
11,385,2,1,-63
11,407,1,2,-74
11,386,2,1,-69
11,408,1,2,-80
11,387,2,1,-78
11,409,1,2,-77
11,388,2,1,-74
11,410,1,2,-75
11,389,2,1,-70
11,411,1,2,-68
11,390,2,1,-64
11,412,1,2,-62
11,391,2,1,-58
11,413,1,2,-60
11,392,2,1,-59
11,414,1,2,-58
11,393,2,1,-58
11,415,1,2,-64
11,394,2,1,-62
11,416,1,2,-81
11,395,2,1,-80
11,417,1,2,-77
11,418,1,2,-74
11,396,2,1,-71
11,419,1,2,-72
11,397,2,1,-67
11,420,1,2,-62
11,398,2,1,-60
11,421,1,2,-64
11,399,2,1,-62
11,422,1,2,-67
11,400,2,1,-65
11,423,1,2,-63
11,401,2,1,-59
11,424,1,2,-68
11,402,2,1,-66
11,425,1,2,-68
11,403,2,1,-66
11,426,1,2,-74
11,404,2,1,-67
11,427,1,2,-66
11,405,2,1,-62
11,428,1,2,-67
11,406,2,1,-64
11,429,1,2,-82
11,430,1,2,-66
11,407,2,1,-64
11,431,1,2,-85
11,432,1,2,-85
11,408,2,1,-79
11,409,2,1,-74
11,433,1,2,-72
11,410,2,1,-68
11,434,1,2,-73
11,411,2,1,-68
11,435,1,2,-76
11,412,2,1,-75
11,413,2,1,-83
11,436,1,2,-75
11,414,2,1,-71
11,437,1,2,-64
11,415,2,1,-58
11,438,1,2,-62
11,416,2,1,-59
11,439,1,2,-60
11,417,2,1,-55
11,440,1,2,-56
11,418,2,1,-57
11,441,1,2,-60
11,419,2,1,-54
11,442,1,2,-62
11,420,2,1,-60
11,443,1,2,-62
11,421,2,1,-58
11,444,1,2,-63
11,422,2,1,-62
11,445,1,2,-62
11,423,2,1,-58
11,446,1,2,-60
11,424,2,1,-54
11,447,1,2,-60
11,425,2,1,-56
11,448,1,2,-63
11,426,2,1,-58
11,449,1,2,-64
11,427,2,1,-61
11,450,1,2,-64
11,428,2,1,-62
11,451,1,2,-65
11,429,2,1,-62
11,452,1,2,-66
11,430,2,1,-64
11,453,1,2,-64
11,431,2,1,-61
11,454,1,2,-63
11,432,2,1,-60
11,455,1,2,-62
11,433,2,1,-57
11,456,1,2,-62
11,434,2,1,-59
11,457,1,2,-60
11,435,2,1,-54
11,458,1,2,-58
11,436,2,1,-59
11,459,1,2,-59
11,437,2,1,-58
11,460,1,2,-59
11,438,2,1,-58
11,461,1,2,-62
11,439,2,1,-60
11,462,1,2,-62
11,440,2,1,-60
11,463,1,2,-62
11,441,2,1,-60
11,464,1,2,-64
11,442,2,1,-62
11,465,1,2,-61
11,443,2,1,-56
11,466,1,2,-66
11,444,2,1,-62
11,467,1,2,-63
11,445,2,1,-60
11,468,1,2,-64
11,446,2,1,-62
11,469,1,2,-62
11,447,2,1,-57
11,470,1,2,-61
11,448,2,1,-56
11,471,1,2,-59
11,449,2,1,-57
11,472,1,2,-58
11,450,2,1,-57
11,473,1,2,-54
11,474,1,2,-60
11,451,2,1,-54
11,475,1,2,-61
11,452,2,1,-56
11,476,1,2,-62
11,453,2,1,-57
11,477,1,2,-75
11,454,2,1,-75
11,478,1,2,-74
11,455,2,1,-71
11,479,1,2,-70
11,456,2,1,-67
11,480,1,2,-66
11,457,2,1,-62
11,481,1,2,-66
11,458,2,1,-63
11,482,1,2,-66
11,459,2,1,-63
11,483,1,2,-64
11,460,2,1,-60
11,484,1,2,-60
11,461,2,1,-59
11,485,1,2,-59
11,462,2,1,-58
11,486,1,2,-59
11,463,2,1,-58
11,487,1,2,-60
11,464,2,1,-55
11,488,1,2,-66
11,465,2,1,-63
11,489,1,2,-64
11,466,2,1,-61
11,490,1,2,-63
11,467,2,1,-60
11,491,1,2,-60
11,468,2,1,-54
11,492,1,2,-59
11,469,2,1,-57
11,493,1,2,-60
11,470,2,1,-59
11,494,1,2,-60
11,471,2,1,-59
11,495,1,2,-60
11,472,2,1,-54
11,496,1,2,-58
11,473,2,1,-58
11,497,1,2,-61
11,474,2,1,-56
11,498,1,2,-63
11,475,2,1,-60
11,499,1,2,-64
11,476,2,1,-62
11,500,1,2,-62
11,477,2,1,-58
11,501,1,2,-62
11,478,2,1,-57
11,502,1,2,-63
11,479,2,1,-60
11,503,1,2,-58
11,480,2,1,-57
11,504,1,2,-59
11,481,2,1,-58
11,505,1,2,-60
11,482,2,1,-54
11,506,1,2,-59
11,483,2,1,-58
11,507,1,2,-59
11,484,2,1,-59
11,508,1,2,-62
11,485,2,1,-58
11,509,1,2,-61
11,486,2,1,-56
11,510,1,2,-62
11,487,2,1,-57
11,511,1,2,-62
11,512,1,2,-61
11,488,2,1,-56
11,513,1,2,-62
11,489,2,1,-59
11,514,1,2,-65
11,490,2,1,-58
11,515,1,2,-62
11,491,2,1,-58
11,516,1,2,-62
11,492,2,1,-58
11,517,1,2,-60
11,493,2,1,-55
11,518,1,2,-59
11,494,2,1,-58
11,519,1,2,-58
11,495,2,1,-59
11,520,1,2,-59
11,496,2,1,-59
11,521,1,2,-60
11,497,2,1,-59
11,522,1,2,-60
11,498,2,1,-55
11,523,1,2,-60
11,499,2,1,-56
11,524,1,2,-62
11,500,2,1,-60
11,525,1,2,-67
11,501,2,1,-64
11,526,1,2,-64
11,502,2,1,-61
11,527,1,2,-60
11,503,2,1,-56
11,528,1,2,-60
11,504,2,1,-58
11,529,1,2,-59
11,505,2,1,-58
11,530,1,2,-61
11,506,2,1,-56
11,531,1,2,-72
11,532,1,2,-71
11,507,2,1,-68
11,533,1,2,-75
11,508,2,1,-69
11,534,1,2,-75
11,509,2,1,-71
11,535,1,2,-72
11,510,2,1,-69
11,536,1,2,-74
11,511,2,1,-70
11,537,1,2,-70
11,512,2,1,-67
11,538,1,2,-70
11,513,2,1,-67
11,539,1,2,-67
11,514,2,1,-64
11,540,1,2,-68
11,515,2,1,-64
11,541,1,2,-68
11,516,2,1,-64
11,542,1,2,-67
11,517,2,1,-64
11,543,1,2,-67
11,518,2,1,-64
11,544,1,2,-66
11,519,2,1,-64
11,545,1,2,-62
11,520,2,1,-60
11,546,1,2,-70
11,521,2,1,-68
11,547,1,2,-69
11,522,2,1,-65
11,548,1,2,-68
11,523,2,1,-66
11,549,1,2,-70
11,524,2,1,-66
11,550,1,2,-68
11,525,2,1,-64
11,551,1,2,-66
11,526,2,1,-62
11,552,1,2,-64
11,527,2,1,-62
11,553,1,2,-64
11,528,2,1,-62
11,554,1,2,-64
11,555,1,2,-66
11,529,2,1,-62
11,556,1,2,-68
11,530,2,1,-66
11,557,1,2,-64
11,531,2,1,-61
11,558,1,2,-62
11,532,2,1,-60
11,559,1,2,-65
11,533,2,1,-63
11,560,1,2,-70
11,534,2,1,-67
11,561,1,2,-70
11,535,2,1,-67
11,562,1,2,-67
11,536,2,1,-65
11,563,1,2,-71
11,537,2,1,-73
11,564,1,2,-69
11,538,2,1,-69
11,565,1,2,-70
11,539,2,1,-66
11,566,1,2,-70
11,540,2,1,-66
11,567,1,2,-64
11,568,1,2,-68
11,541,2,1,-66
11,569,1,2,-70
11,542,2,1,-66
11,570,1,2,-72
11,543,2,1,-69
11,571,1,2,-71
11,544,2,1,-64
11,572,1,2,-70
11,545,2,1,-65
11,573,1,2,-68
11,546,2,1,-64
11,574,1,2,-70
11,547,2,1,-66
11,575,1,2,-70
11,548,2,1,-66
11,576,1,2,-65
11,549,2,1,-62
11,577,1,2,-68
11,550,2,1,-65
11,578,1,2,-64
11,551,2,1,-62
11,579,1,2,-66
11,552,2,1,-62
11,580,1,2,-66
11,553,2,1,-62
11,581,1,2,-66
11,554,2,1,-62
11,582,1,2,-66
11,583,1,2,-66
11,555,2,1,-66
11,584,1,2,-66
11,556,2,1,-64
11,585,1,2,-67
11,557,2,1,-65
11,586,1,2,-68
11,558,2,1,-65
11,587,1,2,-68
11,559,2,1,-65
11,588,1,2,-66
11,560,2,1,-62
11,589,1,2,-66
11,561,2,1,-63
11,590,1,2,-68
11,562,2,1,-64
11,591,1,2,-69
11,563,2,1,-66
11,592,1,2,-70
11,564,2,1,-66
11,593,1,2,-68
11,565,2,1,-65
11,594,1,2,-68
11,566,2,1,-65
11,595,1,2,-70
11,567,2,1,-67
11,596,1,2,-68
11,568,2,1,-66
11,597,1,2,-68
11,569,2,1,-66
11,598,1,2,-66
11,570,2,1,-62
11,599,1,2,-64
11,571,2,1,-60
11,600,1,2,-62
11,572,2,1,-56
11,601,1,2,-66
11,573,2,1,-64
11,602,1,2,-68
11,574,2,1,-64
11,603,1,2,-66
11,575,2,1,-62
11,604,1,2,-67
11,576,2,1,-64
11,605,1,2,-66
11,577,2,1,-63
11,606,1,2,-66
11,578,2,1,-61
11,607,1,2,-66
11,579,2,1,-63
11,608,1,2,-68
11,580,2,1,-64
11,609,1,2,-66
11,581,2,1,-63
11,610,1,2,-64
11,582,2,1,-62
11,611,1,2,-66
11,583,2,1,-62
11,612,1,2,-66
11,584,2,1,-62
11,613,1,2,-66
11,585,2,1,-62
11,614,1,2,-68
11,586,2,1,-66
11,615,1,2,-74
11,587,2,1,-73
11,616,1,2,-72
11,588,2,1,-69
11,617,1,2,-66
11,589,2,1,-62
11,618,1,2,-65
11,590,2,1,-62
11,619,1,2,-62
11,591,2,1,-60
11,620,1,2,-62
11,592,2,1,-56
11,621,1,2,-58
11,593,2,1,-58
11,622,1,2,-65
11,623,1,2,-69
11,594,2,1,-67
11,624,1,2,-68
11,595,2,1,-66
11,625,1,2,-62
11,596,2,1,-56
11,626,1,2,-62
11,597,2,1,-56
11,627,1,2,-63
11,598,2,1,-60
11,628,1,2,-68
11,599,2,1,-64
11,629,1,2,-66
11,600,2,1,-63
11,630,1,2,-65
11,601,2,1,-62
11,631,1,2,-62
11,632,1,2,-60
11,602,2,1,-54
11,633,1,2,-62
11,603,2,1,-60
11,634,1,2,-63
11,604,2,1,-60
11,635,1,2,-64
11,605,2,1,-62
11,636,1,2,-64
11,606,2,1,-60
11,637,1,2,-62
11,607,2,1,-58
11,638,1,2,-62
11,608,2,1,-60
11,639,1,2,-62
11,639,1,2,-62
11,609,2,1,-56
11,609,2,1,-56
11,640,1,2,-64
11,610,2,1,-62
11,641,1,2,-66
11,611,2,1,-62
11,642,1,2,-64
11,612,2,1,-61
11,643,1,2,-68
11,613,2,1,-66
11,644,1,2,-68
11,614,2,1,-65
11,645,1,2,-68
11,615,2,1,-67
11,646,1,2,-64
11,646,1,2,-64
11,616,2,1,-62
11,647,1,2,-66
11,617,2,1,-63
11,648,1,2,-66
11,649,1,2,-67
11,618,2,1,-63
11,650,1,2,-62
11,619,2,1,-60
11,651,1,2,-64
11,620,2,1,-61
11,652,1,2,-64
11,621,2,1,-60
11,653,1,2,-62
11,622,2,1,-58
11,654,1,2,-62
11,654,1,2,-62
11,654,1,2,-62
11,654,1,2,-62
11,623,2,1,-56
11,655,1,2,-62
11,624,2,1,-56
11,656,1,2,-63
11,625,2,1,-60
11,657,1,2,-64
11,626,2,1,-60
11,658,1,2,-62
11,627,2,1,-56
11,659,1,2,-61
11,628,2,1,-58
11,660,1,2,-66
11,629,2,1,-62
11,661,1,2,-66
11,630,2,1,-62
11,662,1,2,-64
11,631,2,1,-60
11,663,1,2,-66
11,632,2,1,-63
11,664,1,2,-66
11,633,2,1,-63
11,665,1,2,-66
11,634,2,1,-63
11,666,1,2,-66
11,635,2,1,-62
11,667,1,2,-62
11,636,2,1,-60
11,668,1,2,-63
11,637,2,1,-61
11,669,1,2,-67
11,638,2,1,-64
11,670,1,2,-72
11,639,2,1,-68
11,671,1,2,-68
11,640,2,1,-65
11,672,1,2,-68
11,673,1,2,-67
11,641,2,1,-65
11,674,1,2,-66
11,642,2,1,-62
11,675,1,2,-67
11,643,2,1,-63
11,676,1,2,-68
11,644,2,1,-66
